+ 490 320 267 161 265 431 53 274 2 273
- 327 0 0 0 0 0 0 0 0 0
- 426 0 0 0 0 0 0 0 0 0
+ 418 305 31 376 274 30 44 261 53 142
+ 26 256 470 251 411 139 316 406 475 292
- 303 0 0 0 0 0 0 0 0 0
- 141 0 0 0 0 0 0 0 0 0
- 229 0 0 0 0 0 0 0 0 0
+ 407 65 361 267 99 123 1 104 213 472
- 414 0 0 0 0 0 0 0 0 0
+ 41 83 258 107 226 190 285 439 90 23
+ 48 270 423 213 184 52 200 242 108 128
+ 221 307 402 376 235 352 389 375 337 317
- 79 0 0 0 0 0 0 0 0 0
- 358 0 0 0 0 0 0 0 0 0
+ 198 96 234 84 169 422 106 440 110 228
+ 247 456 107 238 171 309 211 436 48 460
+ 229 294 97 240 359 223 222 25 52 356
+ 464 130 367 470 66 398 499 488 210 129
- 195 0 0 0 0 0 0 0 0 0
- 197 0 0 0 0 0 0 0 0 0
+ 113 360 337 176 386 89 107 293 357 8
- 37 0 0 0 0 0 0 0 0 0
+ 281 321 351 204 482 492 154 285 102 316
+ 366 322 328 243 24 1 468 232 500 102
+ 299 136 207 122 303 12 181 417 98 486
+ 350 358 425 399 39 33 322 113 133 499
+ 114 152 108 83 180 488 239 47 463 22
+ 115 122 477 163 466 135 59 468 375 246
+ 405 454 22 39 358 231 54 499 365 70
+ 356 402 473 252 140 61 289 497 338 427
+ 295 247 348 193 97 170 376 54 417 447
- 26 0 0 0 0 0 0 0 0 0
- 237 0 0 0 0 0 0 0 0 0
- 29 0 0 0 0 0 0 0 0 0
- 488 0 0 0 0 0 0 0 0 0
+ 235 194 172 233 135 421 135 59 413 51
+ 471 166 445 278 263 275 474 488 337 349
- 372 0 0 0 0 0 0 0 0 0
- 348 0 0 0 0 0 0 0 0 0
+ 250 149 299 147 406 149 13 348 91 488
+ 159 216 100 259 103 241 98 128 138 372
- 491 0 0 0 0 0 0 0 0 0
- 115 0 0 0 0 0 0 0 0 0
+ 463 286 464 469 93 132 338 58 384 125
- 33 0 0 0 0 0 0 0 0 0
- 300 0 0 0 0 0 0 0 0 0
- 378 0 0 0 0 0 0 0 0 0
- 461 0 0 0 0 0 0 0 0 0
+ 191 298 357 367 176 141 199 69 232 37
+ 311 395 476 334 494 178 358 468 86 266
+ 24 74 205 384 485 102 170 25 433 409
- 98 0 0 0 0 0 0 0 0 0
- 331 0 0 0 0 0 0 0 0 0
- 298 0 0 0 0 0 0 0 0 0
+ 142 40 27 228 63 452 321 38 427 149
+ 298 317 110 353 369 362 375 433 276 194
+ 386 336 52 272 210 99 0 350 358 87
+ 242 415 377 379 138 483 406 449 31 25
+ 175 222 80 467 463 49 285 500 405 434
- 279 0 0 0 0 0 0 0 0 0
+ 7 197 85 484 47 338 229 364 469 386
- 236 0 0 0 0 0 0 0 0 0
+ 203 122 357 128 139 382 123 286 78 99
- 96 0 0 0 0 0 0 0 0 0
- 59 0 0 0 0 0 0 0 0 0
- 84 0 0 0 0 0 0 0 0 0
+ 337 136 91 213 243 457 360 480 68 330
- 65 0 0 0 0 0 0 0 0 0
- 467 0 0 0 0 0 0 0 0 0
+ 491 177 395 241 467 23 385 500 259 72
+ 19 343 178 106 205 417 443 65 276 110
+ 346 148 65 284 101 441 483 454 19 425
- 20 0 0 0 0 0 0 0 0 0
+ 241 364 88 149 246 202 235 200 466 247
- 63 0 0 0 0 0 0 0 0 0
- 376 0 0 0 0 0 0 0 0 0
+ 351 56 271 500 85 57 185 238 366 328
+ 61 7 273 327 21 447 173 103 454 22
- 161 0 0 0 0 0 0 0 0 0
- 177 0 0 0 0 0 0 0 0 0
- 339 0 0 0 0 0 0 0 0 0
+ 129 427 239 43 361 88 182 258 255 283
+ 222 433 341 336 399 122 41 20 50 160
- 132 0 0 0 0 0 0 0 0 0
- 392 0 0 0 0 0 0 0 0 0
+ 252 244 471 247 334 286 186 158 457 135
- 68 0 0 0 0 0 0 0 0 0
+ 104 203 237 72 58 120 319 4 432 305
- 450 0 0 0 0 0 0 0 0 0
+ 91 332 477 59 336 180 144 158 313 499
+ 423 204 156 69 59 453 56 89 66 421
- 332 0 0 0 0 0 0 0 0 0
- 427 0 0 0 0 0 0 0 0 0
+ 416 46 334 121 317 499 320 421 88 478
- 82 0 0 0 0 0 0 0 0 0
- 279 0 0 0 0 0 0 0 0 0
- 149 0 0 0 0 0 0 0 0 0
+ 473 413 478 162 377 117 469 53 386 491
- 67 0 0 0 0 0 0 0 0 0
+ 444 179 41 488 3 427 488 45 341 496
- 368 0 0 0 0 0 0 0 0 0
+ 67 118 166 481 17 486 141 487 365 394
- 333 0 0 0 0 0 0 0 0 0
- 3 0 0 0 0 0 0 0 0 0
- 215 0 0 0 0 0 0 0 0 0
- 75 0 0 0 0 0 0 0 0 0
- 144 0 0 0 0 0 0 0 0 0
- 350 0 0 0 0 0 0 0 0 0
+ 370 253 215 23 3 388 386 28 237 448
- 200 0 0 0 0 0 0 0 0 0
+ 179 99 482 410 223 230 387 87 11 289
+ 395 426 68 114 110 290 427 396 409 429
+ 322 42 392 200 334 293 414 422 175 493
- 313 0 0 0 0 0 0 0 0 0
+ 204 431 352 37 226 114 158 357 167 360
+ 334 401 171 453 365 256 349 461 302 421
- 301 0 0 0 0 0 0 0 0 0
- 143 0 0 0 0 0 0 0 0 0
- 105 0 0 0 0 0 0 0 0 0
- 189 0 0 0 0 0 0 0 0 0
- 343 0 0 0 0 0 0 0 0 0
- 232 0 0 0 0 0 0 0 0 0
+ 249 116 189 412 500 478 17 115 316 45
+ 167 231 155 162 385 206 128 492 329 300
+ 445 170 412 376 366 442 461 368 128 129
+ 98 314 109 144 445 394 129 177 211 91
- 432 0 0 0 0 0 0 0 0 0
+ 414 171 173 204 353 445 265 359 6 154
+ 320 118 384 167 347 95 196 125 212 474
- 56 0 0 0 0 0 0 0 0 0
- 12 0 0 0 0 0 0 0 0 0
+ 73 446 230 28 277 386 391 53 453 425
+ 174 347 298 206 415 135 175 102 143 254
+ 438 371 490 134 99 225 275 405 284 376
- 493 0 0 0 0 0 0 0 0 0
- 22 0 0 0 0 0 0 0 0 0
- 266 0 0 0 0 0 0 0 0 0
+ 268 491 446 19 101 466 350 331 420 231
- 477 0 0 0 0 0 0 0 0 0
- 66 0 0 0 0 0 0 0 0 0
- 394 0 0 0 0 0 0 0 0 0
- 305 0 0 0 0 0 0 0 0 0
+ 195 195 336 331 167 345 156 59 80 262
+ 256 152 241 117 178 422 228 92 365 454
- 451 0 0 0 0 0 0 0 0 0
+ 11 328 20 444 469 432 431 291 348 283
- 184 0 0 0 0 0 0 0 0 0
+ 286 454 463 202 26 470 370 227 5 405
- 90 0 0 0 0 0 0 0 0 0
+ 46 163 9 494 135 264 418 272 169 422
- 163 0 0 0 0 0 0 0 0 0
- 345 0 0 0 0 0 0 0 0 0
+ 296 153 116 28 230 88 191 288 298 263
- 339 0 0 0 0 0 0 0 0 0
+ 169 463 485 371 306 449 117 386 275 36
+ 202 255 189 37 230 196 412 200 428 423
+ 228 367 220 304 422 361 215 92 8 110
- 322 0 0 0 0 0 0 0 0 0
- 190 0 0 0 0 0 0 0 0 0
+ 136 312 24 62 418 456 135 204 28 239
+ 163 457 135 300 390 493 473 202 284 422
+ 469 274 317 245 412 478 202 473 339 488
- 350 0 0 0 0 0 0 0 0 0
- 451 0 0 0 0 0 0 0 0 0
- 215 0 0 0 0 0 0 0 0 0
- 95 0 0 0 0 0 0 0 0 0
- 262 0 0 0 0 0 0 0 0 0
- 413 0 0 0 0 0 0 0 0 0
- 145 0 0 0 0 0 0 0 0 0
- 97 0 0 0 0 0 0 0 0 0
- 61 0 0 0 0 0 0 0 0 0
- 152 0 0 0 0 0 0 0 0 0
- 190 0 0 0 0 0 0 0 0 0
+ 126 52 11 225 308 373 286 71 407 274
+ 476 1 302 456 420 342 310 338 242 271
- 475 0 0 0 0 0 0 0 0 0
- 491 0 0 0 0 0 0 0 0 0
+ 342 260 357 474 164 98 259 98 426 347
- 74 0 0 0 0 0 0 0 0 0
+ 326 286 314 412 161 365 381 493 373 403
+ 362 175 87 114 73 176 162 256 171 406
- 0 0 0 0 0 0 0 0 0 0
- 381 0 0 0 0 0 0 0 0 0
- 445 0 0 0 0 0 0 0 0 0
+ 487 481 228 410 486 128 464 97 266 282
+ 54 280 376 293 207 349 191 279 135 50
+ 51 121 437 383 130 127 29 187 151 258
+ 117 35 2 286 242 354 236 102 85 99
+ 58 224 432 113 173 194 365 116 221 440
- 417 0 0 0 0 0 0 0 0 0
- 220 0 0 0 0 0 0 0 0 0
+ 333 121 375 60 211 196 319 268 177 342
- 20 0 0 0 0 0 0 0 0 0
+ 127 47 169 467 159 86 294 92 198 354
- 438 0 0 0 0 0 0 0 0 0
+ 214 245 129 152 404 282 350 93 494 481
- 387 0 0 0 0 0 0 0 0 0
- 494 0 0 0 0 0 0 0 0 0
+ 439 92 295 349 152 84 316 6 96 480
- 323 0 0 0 0 0 0 0 0 0
- 419 0 0 0 0 0 0 0 0 0
+ 371 315 351 162 69 9 81 429 3 419
+ 143 102 269 39 309 109 150 124 358 275
- 467 0 0 0 0 0 0 0 0 0
- 215 0 0 0 0 0 0 0 0 0
- 482 0 0 0 0 0 0 0 0 0
+ 157 35 225 312 363 355 22 372 84 456
- 181 0 0 0 0 0 0 0 0 0
- 49 0 0 0 0 0 0 0 0 0
- 155 0 0 0 0 0 0 0 0 0
+ 27 60 87 257 432 420 307 402 431 438
- 492 0 0 0 0 0 0 0 0 0
- 9 0 0 0 0 0 0 0 0 0
+ 428 150 106 204 398 459 52 160 111 77
+ 82 214 69 113 40 24 107 96 79 397
+ 164 376 376 444 152 147 450 462 427 395
- 222 0 0 0 0 0 0 0 0 0
- 64 0 0 0 0 0 0 0 0 0
- 342 0 0 0 0 0 0 0 0 0
+ 100 5 182 166 93 213 465 392 121 181
- 365 0 0 0 0 0 0 0 0 0
+ 354 307 194 298 137 32 301 362 114 132
+ 227 182 371 19 451 251 228 148 30 338
+ 283 153 151 347 34 294 53 452 90 388
- 11 0 0 0 0 0 0 0 0 0
- 61 0 0 0 0 0 0 0 0 0
+ 132 253 492 176 219 46 395 398 7 493
- 120 0 0 0 0 0 0 0 0 0
- 131 0 0 0 0 0 0 0 0 0
+ 327 174 328 53 276 201 206 285 181 331
- 477 0 0 0 0 0 0 0 0 0
- 3 0 0 0 0 0 0 0 0 0
+ 106 211 94 351 321 449 218 107 79 2
- 209 0 0 0 0 0 0 0 0 0
+ 417 332 113 362 464 204 90 409 2 183
- 179 0 0 0 0 0 0 0 0 0
- 45 0 0 0 0 0 0 0 0 0
+ 292 374 286 219 192 334 353 221 197 133
- 88 0 0 0 0 0 0 0 0 0
- 436 0 0 0 0 0 0 0 0 0
- 143 0 0 0 0 0 0 0 0 0
- 125 0 0 0 0 0 0 0 0 0
- 355 0 0 0 0 0 0 0 0 0
+ 274 380 215 100 305 9 382 465 199 446
- 462 0 0 0 0 0 0 0 0 0
- 433 0 0 0 0 0 0 0 0 0
+ 317 221 284 99 95 232 47 172 76 221
+ 433 223 161 161 332 85 88 99 99 476
+ 211 305 160 188 323 186 249 52 182 289
- 315 0 0 0 0 0 0 0 0 0
+ 301 454 412 93 62 308 63 181 32 222
+ 230 50 266 278 144 246 19 157 92 56
- 305 0 0 0 0 0 0 0 0 0
+ 360 198 329 477 56 170 182 300 346 203
- 63 0 0 0 0 0 0 0 0 0
+ 42 125 291 27 162 274 373 142 322 53
- 438 0 0 0 0 0 0 0 0 0
+ 23 188 269 360 362 126 134 12 167 206
- 109 0 0 0 0 0 0 0 0 0
- 307 0 0 0 0 0 0 0 0 0
- 327 0 0 0 0 0 0 0 0 0
- 8 0 0 0 0 0 0 0 0 0
- 148 0 0 0 0 0 0 0 0 0
+ 494 470 447 300 343 139 357 475 433 62
- 240 0 0 0 0 0 0 0 0 0
+ 78 13 5 106 382 85 475 244 183 228
- 450 0 0 0 0 0 0 0 0 0
- 471 0 0 0 0 0 0 0 0 0
+ 194 13 459 319 407 49 241 251 95 209
+ 121 288 388 45 135 203 196 498 403 99
+ 353 219 63 271 353 79 103 182 268 267
- 443 0 0 0 0 0 0 0 0 0
- 392 0 0 0 0 0 0 0 0 0
+ 29 115 140 83 431 187 370 416 221 130
+ 381 68 108 369 78 332 190 356 399 68
+ 133 204 335 378 197 98 402 178 75 21
+ 396 112 498 456 237 403 412 19 259 374
- 166 0 0 0 0 0 0 0 0 0
+ 319 472 98 268 95 56 163 91 495 251
- 280 0 0 0 0 0 0 0 0 0
- 345 0 0 0 0 0 0 0 0 0
+ 1 486 173 367 97 389 102 416 164 421
- 107 0 0 0 0 0 0 0 0 0
- 130 0 0 0 0 0 0 0 0 0
+ 147 74 176 143 234 467 13 27 186 234
+ 403 389 121 281 306 370 153 79 433 430
+ 257 9 119 196 451 496 466 26 191 206
+ 118 423 395 185 405 123 29 178 145 301
+ 234 28 65 132 107 248 300 187 128 353
+ 22 81 438 405 116 347 79 194 385 115
- 339 0 0 0 0 0 0 0 0 0
- 213 0 0 0 0 0 0 0 0 0
+ 271 188 37 236 61 476 43 310 292 19
+ 225 113 341 86 40 151 435 421 246 167
+ 187 155 89 62 178 379 269 124 221 205
+ 389 269 481 486 240 386 434 456 218 454
- 67 0 0 0 0 0 0 0 0 0
- 145 0 0 0 0 0 0 0 0 0
- 259 0 0 0 0 0 0 0 0 0
- 81 0 0 0 0 0 0 0 0 0
- 36 0 0 0 0 0 0 0 0 0
- 239 0 0 0 0 0 0 0 0 0
+ 223 361 209 430 261 341 255 330 294 498
+ 459 40 11 152 52 218 295 107 342 60
- 357 0 0 0 0 0 0 0 0 0
- 197 0 0 0 0 0 0 0 0 0
- 281 0 0 0 0 0 0 0 0 0
- 447 0 0 0 0 0 0 0 0 0
- 453 0 0 0 0 0 0 0 0 0
+ 411 203 28 106 330 154 242 91 401 360
+ 484 223 423 141 411 231 474 20 384 322
- 59 0 0 0 0 0 0 0 0 0
+ 20 35 51 234 424 369 222 48 497 256
+ 212 456 490 139 351 5 461 251 401 217
- 372 0 0 0 0 0 0 0 0 0
- 214 0 0 0 0 0 0 0 0 0
- 247 0 0 0 0 0 0 0 0 0
- 434 0 0 0 0 0 0 0 0 0
+ 131 143 2 245 102 65 40 444 21 11
+ 15 77 49 464 321 481 428 339 159 375
- 492 0 0 0 0 0 0 0 0 0
- 39 0 0 0 0 0 0 0 0 0
+ 89 204 84 198 218 161 367 225 210 447
+ 347 383 234 296 386 232 25 320 148 374
- 127 0 0 0 0 0 0 0 0 0
+ 482 499 144 397 249 32 169 9 205 396
- 402 0 0 0 0 0 0 0 0 0
- 79 0 0 0 0 0 0 0 0 0
- 388 0 0 0 0 0 0 0 0 0
- 436 0 0 0 0 0 0 0 0 0
+ 321 100 269 175 480 132 450 196 143 146
- 70 0 0 0 0 0 0 0 0 0
+ 318 500 263 344 395 140 284 355 352 313
+ 79 391 78 212 114 122 228 147 422 446
- 214 0 0 0 0 0 0 0 0 0
+ 176 193 431 468 63 239 282 130 200 139
- 424 0 0 0 0 0 0 0 0 0
+ 436 90 373 66 393 8 311 442 41 183
- 381 0 0 0 0 0 0 0 0 0
- 373 0 0 0 0 0 0 0 0 0
- 409 0 0 0 0 0 0 0 0 0
+ 40 492 459 364 66 91 321 313 418 300
+ 75 197 180 429 52 279 205 42 169 192
+ 149 169 126 386 97 402 291 188 56 239
- 445 0 0 0 0 0 0 0 0 0
- 296 0 0 0 0 0 0 0 0 0
- 165 0 0 0 0 0 0 0 0 0
+ 477 358 70 195 239 71 95 43 402 214
+ 340 7 22 315 274 404 168 22 94 408
- 427 0 0 0 0 0 0 0 0 0
+ 448 136 376 469 56 427 436 298 141 298
+ 357 26 402 52 284 148 332 149 351 153
- 242 0 0 0 0 0 0 0 0 0
- 290 0 0 0 0 0 0 0 0 0
+ 387 228 361 424 361 2 45 370 0 11
- 68 0 0 0 0 0 0 0 0 0
- 314 0 0 0 0 0 0 0 0 0
- 179 0 0 0 0 0 0 0 0 0
+ 99 84 164 335 426 124 348 79 238 391
+ 134 269 456 339 116 3 264 178 95 418
+ 302 42 191 237 0 230 444 350 68 453
+ 397 429 42 326 417 60 337 126 242 275
- 478 0 0 0 0 0 0 0 0 0
+ 285 482 456 259 411 16 84 219 329 291
+ 421 178 490 91 338 103 66 358 184 138
+ 376 152 260 37 257 343 479 196 311 51
- 71 0 0 0 0 0 0 0 0 0
+ 412 251 436 423 194 92 56 235 497 92
+ 236 372 500 144 357 271 438 0 183 274
+ 207 167 234 149 28 168 11 115 378 397
+ 455 40 173 202 478 74 351 350 205 417
- 202 0 0 0 0 0 0 0 0 0
- 422 0 0 0 0 0 0 0 0 0
+ 303 76 491 207 153 330 122 344 387 268
+ 101 361 482 359 327 468 451 435 278 362
- 376 0 0 0 0 0 0 0 0 0
- 267 0 0 0 0 0 0 0 0 0
- 439 0 0 0 0 0 0 0 0 0
- 83 0 0 0 0 0 0 0 0 0
- 214 0 0 0 0 0 0 0 0 0
- 47 0 0 0 0 0 0 0 0 0
- 479 0 0 0 0 0 0 0 0 0
- 499 0 0 0 0 0 0 0 0 0
+ 30 63 23 300 488 317 184 429 266 287
- 400 0 0 0 0 0 0 0 0 0
- 73 0 0 0 0 0 0 0 0 0
+ 409 457 453 375 368 285 447 49 467 75
- 332 0 0 0 0 0 0 0 0 0
+ 65 206 60 175 97 11 93 186 180 170
+ 108 163 15 329 478 164 103 428 381 475
- 199 0 0 0 0 0 0 0 0 0
+ 312 297 458 15 486 202 292 135 406 142
- 388 0 0 0 0 0 0 0 0 0
- 235 0 0 0 0 0 0 0 0 0
+ 443 152 64 292 121 464 117 382 331 492
- 24 0 0 0 0 0 0 0 0 0
- 57 0 0 0 0 0 0 0 0 0
- 288 0 0 0 0 0 0 0 0 0
- 10 0 0 0 0 0 0 0 0 0
+ 499 101 290 118 67 22 49 468 69 217
- 136 0 0 0 0 0 0 0 0 0
+ 267 246 106 142 373 325 40 121 145 26
- 110 0 0 0 0 0 0 0 0 0
- 189 0 0 0 0 0 0 0 0 0
- 306 0 0 0 0 0 0 0 0 0
+ 128 465 335 332 107 214 8 53 376 305
+ 95 410 125 326 389 278 439 339 144 348
- 258 0 0 0 0 0 0 0 0 0
- 415 0 0 0 0 0 0 0 0 0
+ 90 311 445 145 326 164 262 124 335 131
- 418 0 0 0 0 0 0 0 0 0
- 281 0 0 0 0 0 0 0 0 0
+ 265 486 338 203 230 54 214 148 495 110
- 391 0 0 0 0 0 0 0 0 0
- 404 0 0 0 0 0 0 0 0 0
+ 209 410 220 132 380 352 411 387 500 374
+ 462 476 289 362 476 494 59 17 347 237
- 217 0 0 0 0 0 0 0 0 0
- 156 0 0 0 0 0 0 0 0 0
- 461 0 0 0 0 0 0 0 0 0
- 365 0 0 0 0 0 0 0 0 0
- 247 0 0 0 0 0 0 0 0 0
- 112 0 0 0 0 0 0 0 0 0
- 57 0 0 0 0 0 0 0 0 0
- 0 0 0 0 0 0 0 0 0 0
+ 251 180 139 300 115 65 137 377 297 31
+ 140 463 401 63 28 390 211 38 44 161
+ 152 48 481 470 66 383 385 127 117 292
+ 413 227 248 388 293 323 343 375 37 341
+ 184 418 321 221 246 421 40 303 434 292
+ 404 49 327 460 243 362 137 363 129 13
+ 183 367 225 3 2 134 92 458 432 68
- 418 0 0 0 0 0 0 0 0 0
+ 427 373 274 452 135 500 141 197 127 106
- 349 0 0 0 0 0 0 0 0 0
+ 248 78 254 25 406 311 145 129 405 492
+ 390 245 360 26 459 368 346 14 389 485
+ 185 271 87 49 234 133 263 221 309 341
- 492 0 0 0 0 0 0 0 0 0
- 367 0 0 0 0 0 0 0 0 0
+ 85 394 42 393 30 169 29 31 211 230
- 427 0 0 0 0 0 0 0 0 0
+ 332 96 130 455 288 68 124 371 184 150
- 281 0 0 0 0 0 0 0 0 0
+ 277 449 337 316 48 445 353 393 52 292
+ 481 342 463 135 291 306 443 274 189 201
+ 32 116 327 96 163 41 479 275 30 10
- 91 0 0 0 0 0 0 0 0 0
+ 210 46 339 432 482 498 51 355 449 3
+ 461 205 29 126 13 110 22 403 352 110
- 312 0 0 0 0 0 0 0 0 0
+ 6 434 267 367 64 204 122 206 186 424
+ 475 229 302 365 350 375 93 447 327 474
- 319 0 0 0 0 0 0 0 0 0
- 178 0 0 0 0 0 0 0 0 0
+ 145 372 370 162 41 376 227 62 470 139
+ 151 323 82 317 232 398 434 96 500 283
+ 489 182 167 286 350 227 382 363 171 77
- 418 0 0 0 0 0 0 0 0 0
+ 181 62 13 437 171 15 140 442 490 20
+ 287 252 426 70 83 487 220 225 202 176
+ 388 276 432 111 408 261 281 253 138 195
- 32 0 0 0 0 0 0 0 0 0
+ 425 149 388 331 276 424 435 38 81 165
- 479 0 0 0 0 0 0 0 0 0
- 445 0 0 0 0 0 0 0 0 0
- 123 0 0 0 0 0 0 0 0 0
- 369 0 0 0 0 0 0 0 0 0
+ 16 121 155 22 157 236 422 404 34 99
- 372 0 0 0 0 0 0 0 0 0
- 372 0 0 0 0 0 0 0 0 0
- 63 0 0 0 0 0 0 0 0 0
+ 361 474 248 311 80 400 178 174 361 275
- 122 0 0 0 0 0 0 0 0 0
- 244 0 0 0 0 0 0 0 0 0
- 204 0 0 0 0 0 0 0 0 0
+ 206 426 456 381 42 52 392 246 33 110
+ 275 180 324 167 50 103 174 223 329 341
- 145 0 0 0 0 0 0 0 0 0
- 494 0 0 0 0 0 0 0 0 0
+ 238 63 304 136 318 352 232 443 247 369
- 291 0 0 0 0 0 0 0 0 0
- 158 0 0 0 0 0 0 0 0 0
+ 420 79 5 328 95 334 345 342 258 253
+ 324 75 224 207 236 161 396 9 333 265
+ 189 440 172 447 39 458 390 140 444 436
+ 72 97 397 329 73 435 37 394 475 438
- 34 0 0 0 0 0 0 0 0 0
+ 373 188 160 443 15 477 445 307 120 130
+ 306 488 467 489 165 399 423 47 387 378
+ 102 121 281 125 413 169 11 44 276 324
+ 200 325 113 256 343 300 234 316 184 166
- 474 0 0 0 0 0 0 0 0 0
+ 453 304 203 383 442 22 59 16 156 239
- 325 0 0 0 0 0 0 0 0 0
- 386 0 0 0 0 0 0 0 0 0
+ 262 147 496 230 351 147 482 43 349 436
+ 199 61 431 90 192 361 346 372 386 44
+ 232 332 397 401 82 453 436 401 299 143
- 406 0 0 0 0 0 0 0 0 0
- 335 0 0 0 0 0 0 0 0 0
- 252 0 0 0 0 0 0 0 0 0
- 147 0 0 0 0 0 0 0 0 0
- 240 0 0 0 0 0 0 0 0 0
- 328 0 0 0 0 0 0 0 0 0
+ 383 259 24 87 261 41 378 350 383 203
+ 146 254 489 497 327 222 378 279 335 480
+ 269 235 437 403 243 390 276 272 389 80
+ 304 296 30 292 187 313 277 20 37 127
- 368 0 0 0 0 0 0 0 0 0
- 287 0 0 0 0 0 0 0 0 0
+ 498 462 150 290 459 129 417 60 404 164
- 458 0 0 0 0 0 0 0 0 0
- 97 0 0 0 0 0 0 0 0 0
+ 88 69 405 45 294 50 0 495 178 488
+ 451 381 109 206 347 48 191 300 216 412
+ 276 304 246 493 171 49 117 273 126 27
+ 13 11 366 129 449 248 51 15 311 481
- 139 0 0 0 0 0 0 0 0 0
- 471 0 0 0 0 0 0 0 0 0
- 366 0 0 0 0 0 0 0 0 0
- 459 0 0 0 0 0 0 0 0 0
- 177 0 0 0 0 0 0 0 0 0
- 168 0 0 0 0 0 0 0 0 0
+ 335 196 204 306 186 115 434 210 463 441
- 162 0 0 0 0 0 0 0 0 0
+ 205 359 50 14 64 237 77 210 251 244
+ 458 230 287 273 255 144 417 491 75 79
- 200 0 0 0 0 0 0 0 0 0
+ 141 368 484 320 278 412 431 265 421 258
+ 288 499 77 399 58 186 207 317 335 105
+ 400 453 58 383 62 464 153 389 276 384
- 191 0 0 0 0 0 0 0 0 0
- 36 0 0 0 0 0 0 0 0 0
+ 135 481 76 341 409 54 428 356 82 271
- 129 0 0 0 0 0 0 0 0 0
+ 474 123 170 480 463 337 424 59 325 435
+ 2 442 326 453 234 484 395 271 441 422
+ 485 395 0 60 499 255 92 263 73 318
+ 449 373 227 133 262 73 35 324 264 97
+ 246 65 219 453 18 469 233 209 317 324
- 108 0 0 0 0 0 0 0 0 0
+ 363 467 111 197 10 264 37 372 114 59
+ 282 154 461 424 286 246 417 221 282 408
- 280 0 0 0 0 0 0 0 0 0
+ 125 286 395 187 1 66 428 121 56 186
+ 375 348 35 153 366 464 411 342 339 334
- 182 0 0 0 0 0 0 0 0 0
- 426 0 0 0 0 0 0 0 0 0
+ 336 264 258 302 118 300 53 26 124 168
- 198 0 0 0 0 0 0 0 0 0
- 325 0 0 0 0 0 0 0 0 0
- 185 0 0 0 0 0 0 0 0 0
- 80 0 0 0 0 0 0 0 0 0
+ 272 100 472 228 100 300 308 30 252 178
- 170 0 0 0 0 0 0 0 0 0
- 464 0 0 0 0 0 0 0 0 0
+ 254 442 161 85 345 423 91 327 155 160
+ 329 366 27 67 117 497 145 377 458 117
+ 8 334 128 262 460 0 208 301 225 42
- 151 0 0 0 0 0 0 0 0 0
+ 440 345 120 496 27 491 0 85 367 414
- 53 0 0 0 0 0 0 0 0 0
- 219 0 0 0 0 0 0 0 0 0
- 273 0 0 0 0 0 0 0 0 0
+ 258 81 484 459 286 386 493 58 216 169
- 489 0 0 0 0 0 0 0 0 0
+ 492 214 272 203 142 67 238 493 312 130
- 454 0 0 0 0 0 0 0 0 0
- 231 0 0 0 0 0 0 0 0 0
+ 446 330 402 77 61 414 370 87 228 7
- 35 0 0 0 0 0 0 0 0 0
+ 358 428 377 167 310 305 303 364 257 223
+ 422 114 285 337 171 32 428 464 447 423
+ 367 297 248 397 17 499 334 470 362 296
- 124 0 0 0 0 0 0 0 0 0
+ 341 327 155 275 306 356 12 128 470 154
- 13 0 0 0 0 0 0 0 0 0
+ 213 363 87 10 445 454 477 4 80 226
- 38 0 0 0 0 0 0 0 0 0
- 459 0 0 0 0 0 0 0 0 0
- 142 0 0 0 0 0 0 0 0 0
+ 49 55 457 437 361 296 263 321 481 141
- 112 0 0 0 0 0 0 0 0 0
+ 9 15 171 419 469 258 399 278 439 64
+ 419 168 333 331 152 52 239 217 319 184
- 291 0 0 0 0 0 0 0 0 0
- 47 0 0 0 0 0 0 0 0 0
+ 233 303 60 202 245 3 392 62 46 268
+ 430 28 193 86 286 164 445 184 245 122
+ 434 120 2 195 30 206 80 269 402 472
- 204 0 0 0 0 0 0 0 0 0
+ 69 254 36 351 121 484 185 388 118 449
+ 154 170 445 246 359 466 61 167 189 11
- 357 0 0 0 0 0 0 0 0 0
- 277 0 0 0 0 0 0 0 0 0
+ 155 129 69 157 59 444 362 142 326 26
- 282 0 0 0 0 0 0 0 0 0
- 128 0 0 0 0 0 0 0 0 0
- 133 0 0 0 0 0 0 0 0 0
+ 284 483 475 373 88 194 95 145 160 104
+ 196 157 225 7 318 308 252 100 324 235
+ 368 127 253 114 87 107 401 65 237 45
- 400 0 0 0 0 0 0 0 0 0
- 140 0 0 0 0 0 0 0 0 0
- 85 0 0 0 0 0 0 0 0 0
- 256 0 0 0 0 0 0 0 0 0
+ 382 141 223 419 454 397 275 449 17 142
+ 330 98 147 118 264 95 312 470 44 435
- 135 0 0 0 0 0 0 0 0 0
- 216 0 0 0 0 0 0 0 0 0
+ 188 59 400 56 156 20 433 347 235 65
- 147 0 0 0 0 0 0 0 0 0
- 464 0 0 0 0 0 0 0 0 0
+ 468 278 35 42 387 261 359 402 301 103
- 334 0 0 0 0 0 0 0 0 0
+ 193 118 408 199 22 417 185 71 44 326
+ 431 432 186 495 103 363 83 482 246 484
- 466 0 0 0 0 0 0 0 0 0
+ 467 213 466 112 263 379 237 25 147 314
+ 393 54 77 154 293 190 231 84 145 165
+ 182 150 449 57 460 459 168 315 360 441
+ 323 445 447 421 235 456 175 142 303 260
+ 130 264 280 77 35 173 258 266 24 222
- 156 0 0 0 0 0 0 0 0 0
+ 314 439 466 231 179 330 483 223 407 135
+ 138 17 226 460 356 119 198 195 392 374
+ 35 314 415 350 186 10 181 248 371 274
- 125 0 0 0 0 0 0 0 0 0
+ 266 444 117 237 245 252 338 274 154 65
+ 293 298 93 157 399 307 242 255 261 217
- 319 0 0 0 0 0 0 0 0 0
+ 93 237 105 403 209 497 321 310 389 498
+ 437 171 385 240 233 366 499 27 36 242
+ 161 349 292 228 410 9 396 146 297 25
- 282 0 0 0 0 0 0 0 0 0
+ 338 90 260 123 169 465 172 451 222 240
- 497 0 0 0 0 0 0 0 0 0
- 462 0 0 0 0 0 0 0 0 0
+ 457 463 417 318 326 294 100 130 406 225
- 270 0 0 0 0 0 0 0 0 0
- 9 0 0 0 0 0 0 0 0 0
- 329 0 0 0 0 0 0 0 0 0
+ 55 288 326 334 256 100 269 346 422 422
+ 186 144 245 197 37 375 214 103 29 321
- 136 0 0 0 0 0 0 0 0 0
- 468 0 0 0 0 0 0 0 0 0
+ 226 28 441 178 197 146 69 303 324 235
- 327 0 0 0 0 0 0 0 0 0
- 0 0 0 0 0 0 0 0 0 0
- 69 0 0 0 0 0 0 0 0 0
+ 81 263 98 106 310 337 375 32 372 48
+ 107 425 8 227 47 220 83 448 139 488
- 146 0 0 0 0 0 0 0 0 0
- 193 0 0 0 0 0 0 0 0 0
- 376 0 0 0 0 0 0 0 0 0
- 189 0 0 0 0 0 0 0 0 0
+ 116 57 195 239 338 122 90 115 129 309
+ 0 298 146 363 307 100 311 95 319 38
+ 119 161 403 43 300 306 282 254 254 339
- 249 0 0 0 0 0 0 0 0 0
- 473 0 0 0 0 0 0 0 0 0
- 319 0 0 0 0 0 0 0 0 0
- 107 0 0 0 0 0 0 0 0 0
- 200 0 0 0 0 0 0 0 0 0
+ 392 36 430 359 82 377 497 349 195 382
+ 447 488 214 332 125 214 264 118 322 358
+ 263 226 277 110 140 316 58 421 316 256
+ 309 141 90 54 39 461 490 95 27 197
+ 56 47 490 317 98 407 21 175 232 28
+ 87 347 315 459 464 78 202 182 441 219
+ 38 344 484 203 329 22 101 20 357 458
- 378 0 0 0 0 0 0 0 0 0
- 225 0 0 0 0 0 0 0 0 0
+ 291 148 339 484 202 318 443 69 388 252
- 245 0 0 0 0 0 0 0 0 0
- 500 0 0 0 0 0 0 0 0 0
- 475 0 0 0 0 0 0 0 0 0
+ 305 315 8 69 247 257 488 62 261 19
+ 33 423 141 220 380 422 126 262 76 306
- 262 0 0 0 0 0 0 0 0 0
+ 424 377 481 153 486 328 375 463 7 396
+ 96 15 310 228 155 278 81 263 28 190
+ 62 370 310 259 492 130 468 165 273 225
- 152 0 0 0 0 0 0 0 0 0
+ 17 417 81 210 257 74 375 486 38 486
- 111 0 0 0 0 0 0 0 0 0
+ 218 68 338 388 247 497 195 109 90 355
+ 111 459 492 290 194 33 310 297 29 79
- 12 0 0 0 0 0 0 0 0 0
- 410 0 0 0 0 0 0 0 0 0
- 391 0 0 0 0 0 0 0 0 0
- 179 0 0 0 0 0 0 0 0 0
+ 180 154 451 76 390 178 147 258 275 410
- 494 0 0 0 0 0 0 0 0 0
+ 36 284 139 322 122 60 160 274 135 319
+ 315 226 244 140 410 118 187 254 443 215
+ 165 221 381 460 304 226 137 336 255 42
- 77 0 0 0 0 0 0 0 0 0
+ 402 323 495 354 449 49 36 333 400 348
+ 64 433 37 33 450 101 382 217 166 161
- 469 0 0 0 0 0 0 0 0 0
- 81 0 0 0 0 0 0 0 0 0
- 138 0 0 0 0 0 0 0 0 0
- 249 0 0 0 0 0 0 0 0 0
- 218 0 0 0 0 0 0 0 0 0
+ 47 4 499 13 36 353 70 42 299 334
- 353 0 0 0 0 0 0 0 0 0
+ 460 276 492 459 481 254 438 332 384 278
+ 486 384 256 397 432 110 90 56 185 479
- 212 0 0 0 0 0 0 0 0 0
- 374 0 0 0 0 0 0 0 0 0
+ 44 155 341 378 128 495 385 225 335 152
+ 216 24 263 161 230 287 135 120 467 214
+ 150 68 404 297 346 277 90 499 361 153
- 297 0 0 0 0 0 0 0 0 0
+ 398 423 27 370 216 358 287 435 486 393
- 14 0 0 0 0 0 0 0 0 0
+ 244 400 95 124 84 53 379 370 91 343
+ 384 95 235 210 395 159 173 100 132 443
+ 53 69 390 493 63 76 182 289 134 13
- 336 0 0 0 0 0 0 0 0 0
+ 63 328 240 190 372 314 117 274 350 337
- 85 0 0 0 0 0 0 0 0 0
- 213 0 0 0 0 0 0 0 0 0
+ 177 318 330 345 245 220 232 269 1 269
+ 76 419 296 219 496 13 441 117 272 451
- 180 0 0 0 0 0 0 0 0 0
+ 28 274 135 196 277 199 217 218 248 374
- 54 0 0 0 0 0 0 0 0 0
+ 237 463 64 125 165 392 139 157 472 202
- 372 0 0 0 0 0 0 0 0 0
+ 385 176 3 452 61 438 269 242 298 123
- 219 0 0 0 0 0 0 0 0 0
+ 224 342 428 13 492 63 149 194 347 270
+ 345 191 307 221 437 403 481 365 394 374
+ 391 347 414 38 146 110 189 140 440 314
+ 497 457 295 491 273 201 450 484 57 345
+ 124 377 218 186 491 66 321 9 476 140
+ 208 422 215 380 349 198 331 354 102 95
+ 201 64 141 377 85 371 78 278 112 253
+ 84 437 419 317 206 148 165 217 77 42
+ 328 298 90 245 147 348 284 352 67 262
+ 374 129 106 14 60 155 53 115 202 397
- 325 0 0 0 0 0 0 0 0 0
- 215 0 0 0 0 0 0 0 0 0
+ 261 383 341 181 321 94 345 197 341 500
+ 399 35 71 248 375 136 34 483 359 253
+ 10 80 359 190 458 378 451 56 496 429
+ 86 309 280 12 251 83 198 444 411 475
+ 3 243 0 59 217 447 495 68 59 42
+ 14 349 126 320 478 97 353 256 137 297
+ 406 397 345 342 377 432 341 15 154 217
- 425 0 0 0 0 0 0 0 0 0
+ 442 87 311 320 444 458 15 276 453 183
+ 25 0 219 172 270 451 145 346 398 69
- 309 0 0 0 0 0 0 0 0 0
+ 401 167 172 279 66 407 364 178 131 54
- 22 0 0 0 0 0 0 0 0 0
- 416 0 0 0 0 0 0 0 0 0
+ 71 21 49 389 108 225 245 281 364 44
- 442 0 0 0 0 0 0 0 0 0
+ 289 218 141 110 93 91 51 43 187 331
+ 50 193 95 381 68 366 426 5 315 94
+ 37 415 224 40 103 361 340 443 338 155
+ 122 21 95 486 236 480 393 108 211 393
+ 21 328 17 92 299 409 370 135 190 200
+ 313 14 420 11 166 255 273 392 340 44
+ 429 391 475 214 468 281 160 62 312 21
- 170 0 0 0 0 0 0 0 0 0
- 378 0 0 0 0 0 0 0 0 0
+ 171 132 269 485 486 332 178 473 346 201
- 257 0 0 0 0 0 0 0 0 0
- 434 0 0 0 0 0 0 0 0 0
+ 483 442 26 180 10 60 110 199 83 420
+ 307 164 303 169 156 180 238 264 367 351
- 401 0 0 0 0 0 0 0 0 0
- 235 0 0 0 0 0 0 0 0 0
+ 452 494 94 257 387 56 431 231 440 15
+ 168 412 267 439 478 373 251 21 275 483
- 302 0 0 0 0 0 0 0 0 0
- 4 0 0 0 0 0 0 0 0 0
- 197 0 0 0 0 0 0 0 0 0
- 152 0 0 0 0 0 0 0 0 0
+ 369 5 136 219 352 175 294 55 82 334
+ 112 413 117 233 370 300 465 63 62 227
+ 260 337 405 384 6 165 22 39 419 86
- 243 0 0 0 0 0 0 0 0 0
- 268 0 0 0 0 0 0 0 0 0
+ 415 334 41 110 332 260 211 434 75 147
- 500 0 0 0 0 0 0 0 0 0
+ 466 86 270 146 75 99 130 370 176 339
+ 253 82 473 201 365 230 453 71 69 229
+ 92 362 82 329 157 20 52 231 23 1
+ 343 277 485 413 257 300 436 280 203 371
+ 349 332 120 496 314 53 23 303 91 29
+ 310 103 2 74 6 63 25 318 111 79
+ 479 56 473 113 266 227 471 70 454 411
- 37 0 0 0 0 0 0 0 0 0
+ 259 489 38 126 222 212 224 459 69 247
- 217 0 0 0 0 0 0 0 0 0
- 425 0 0 0 0 0 0 0 0 0
- 97 0 0 0 0 0 0 0 0 0
- 311 0 0 0 0 0 0 0 0 0
- 370 0 0 0 0 0 0 0 0 0
- 429 0 0 0 0 0 0 0 0 0
- 186 0 0 0 0 0 0 0 0 0
- 373 0 0 0 0 0 0 0 0 0
+ 410 204 31 328 43 6 271 279 293 432
+ 43 344 283 226 177 72 106 407 417 359
+ 364 0 152 494 270 271 347 115 130 143
- 436 0 0 0 0 0 0 0 0 0
- 355 0 0 0 0 0 0 0 0 0
- 375 0 0 0 0 0 0 0 0 0
+ 243 292 263 385 199 42 384 333 381 90
+ 239 393 302 270 250 283 99 161 127 296
+ 450 304 391 29 222 399 197 340 41 61
- 36 0 0 0 0 0 0 0 0 0
- 194 0 0 0 0 0 0 0 0 0
+ 240 343 414 393 73 342 149 338 127 120
+ 178 88 419 466 346 438 82 394 491 128
+ 70 383 322 56 262 154 68 293 166 298
+ 105 296 256 471 486 148 386 136 46 386
- 395 0 0 0 0 0 0 0 0 0
- 241 0 0 0 0 0 0 0 0 0
+ 454 90 423 125 60 377 494 222 333 448
+ 493 459 275 68 299 98 106 81 193 35
- 358 0 0 0 0 0 0 0 0 0
- 238 0 0 0 0 0 0 0 0 0
- 128 0 0 0 0 0 0 0 0 0
- 294 0 0 0 0 0 0 0 0 0
+ 331 58 280 197 389 113 361 97 104 324
+ 472 161 326 384 221 192 131 292 118 329
- 376 0 0 0 0 0 0 0 0 0
- 15 0 0 0 0 0 0 0 0 0
+ 68 286 319 214 404 491 68 18 72 437
+ 172 215 319 135 478 90 259 266 394 340
+ 435 321 428 157 314 269 398 275 443 70
- 232 0 0 0 0 0 0 0 0 0
+ 377 322 243 241 480 296 101 428 231 325
+ 294 432 52 387 418 458 182 65 375 211
- 92 0 0 0 0 0 0 0 0 0
+ 426 73 154 438 454 94 365 128 39 434
+ 57 484 40 231 20 288 215 87 113 473
+ 300 57 115 38 123 433 131 424 320 254
- 276 0 0 0 0 0 0 0 0 0
- 218 0 0 0 0 0 0 0 0 0
- 227 0 0 0 0 0 0 0 0 0
+ 97 230 273 226 107 354 252 147 186 260
- 40 0 0 0 0 0 0 0 0 0
+ 197 395 334 127 64 333 239 416 93 239
- 301 0 0 0 0 0 0 0 0 0
+ 280 469 95 370 110 225 402 124 471 245
+ 4 193 399 4 209 8 91 6 454 136
- 25 0 0 0 0 0 0 0 0 0
- 205 0 0 0 0 0 0 0 0 0
- 15 0 0 0 0 0 0 0 0 0
+ 495 14 331 421 100 419 158 463 142 167
- 161 0 0 0 0 0 0 0 0 0
- 212 0 0 0 0 0 0 0 0 0
+ 359 322 405 458 154 427 20 228 206 45
+ 344 31 21 282 63 447 224 408 443 455
+ 308 401 302 389 340 432 142 207 154 3
+ 52 306 89 439 137 345 183 159 13 124
- 261 0 0 0 0 0 0 0 0 0
- 62 0 0 0 0 0 0 0 0 0
- 25 0 0 0 0 0 0 0 0 0
+ 45 0 121 181 1 119 327 48 492 261
+ 478 448 267 325 110 294 112 343 275 319
- 392 0 0 0 0 0 0 0 0 0
+ 158 453 163 222 101 107 263 140 195 110
- 48 0 0 0 0 0 0 0 0 0
- 498 0 0 0 0 0 0 0 0 0
- 413 0 0 0 0 0 0 0 0 0
- 37 0 0 0 0 0 0 0 0 0
+ 77 431 87 140 354 338 227 174 140 200
- 69 0 0 0 0 0 0 0 0 0
- 121 0 0 0 0 0 0 0 0 0
- 0 0 0 0 0 0 0 0 0 0
- 216 0 0 0 0 0 0 0 0 0
+ 74 49 96 87 77 394 375 490 458 227
- 331 0 0 0 0 0 0 0 0 0
+ 278 397 222 320 236 124 262 131 178 473
+ 80 229 466 55 164 127 436 436 302 445
+ 192 463 129 315 358 19 202 387 448 484
+ 297 179 235 490 358 396 289 411 232 90
- 109 0 0 0 0 0 0 0 0 0
+ 217 171 337 372 234 28 154 361 4 485
- 304 0 0 0 0 0 0 0 0 0
+ 456 97 173 182 197 405 173 387 17 30
+ 480 414 250 499 172 300 121 416 495 118
+ 290 150 228 171 442 89 71 135 186 228
- 122 0 0 0 0 0 0 0 0 0
- 161 0 0 0 0 0 0 0 0 0
- 326 0 0 0 0 0 0 0 0 0
- 185 0 0 0 0 0 0 0 0 0
+ 348 23 187 97 264 70 321 51 317 205
+ 245 61 162 294 56 92 111 381 326 367
+ 94 385 90 103 339 176 153 168 54 303
- 408 0 0 0 0 0 0 0 0 0
+ 470 228 214 470 311 156 248 116 189 127
+ 60 336 295 285 24 461 82 301 279 361
+ 83 250 156 281 264 259 253 86 210 69
+ 465 412 97 24 336 38 22 115 191 372
+ 110 64 381 83 222 371 33 100 424 491
- 124 0 0 0 0 0 0 0 0 0
+ 325 133 151 177 321 449 226 82 264 52
+ 173 397 135 352 168 437 376 82 29 70
- 233 0 0 0 0 0 0 0 0 0
+ 59 350 228 183 474 16 393 46 17 386
+ 255 358 422 131 170 187 322 441 245 36
+ 148 365 416 480 88 62 38 382 250 48
- 47 0 0 0 0 0 0 0 0 0
- 445 0 0 0 0 0 0 0 0 0
+ 12 445 420 465 112 414 200 499 67 464
- 430 0 0 0 0 0 0 0 0 0
+ 441 61 194 496 24 36 333 417 488 364
- 144 0 0 0 0 0 0 0 0 0
+ 162 371 235 48 346 184 190 123 365 454
+ 190 278 111 7 33 332 77 259 403 171
- 418 0 0 0 0 0 0 0 0 0
- 74 0 0 0 0 0 0 0 0 0
+ 137 205 470 481 416 240 219 357 95 116
+ 279 411 407 43 324 383 25 246 242 476
- 186 0 0 0 0 0 0 0 0 0
+ 339 497 124 27 478 78 97 4 229 474
+ 215 276 213 278 300 333 28 183 293 475
+ 220 23 393 367 151 346 276 292 30 344
+ 352 487 319 401 288 417 170 367 246 234
- 179 0 0 0 0 0 0 0 0 0
- 218 0 0 0 0 0 0 0 0 0
+ 144 130 62 53 252 59 182 152 417 450
- 155 0 0 0 0 0 0 0 0 0
+ 31 182 489 55 488 279 1 313 408 78
- 134 0 0 0 0 0 0 0 0 0
- 59 0 0 0 0 0 0 0 0 0
+ 34 260 215 138 418 242 239 233 358 92
+ 156 368 161 295 28 340 371 332 201 284
+ 153 406 281 299 118 455 482 405 269 232
+ 160 326 426 493 462 131 416 308 303 389
+ 109 329 485 91 408 220 179 157 234 8
- 315 0 0 0 0 0 0 0 0 0
- 302 0 0 0 0 0 0 0 0 0
+ 365 280 187 395 189 77 420 24 268 117
- 184 0 0 0 0 0 0 0 0 0
+ 408 297 132 457 150 138 363 350 194 491
+ 264 156 454 40 130 10 129 228 209 347
+ 139 152 382 99 174 162 410 248 425 53
- 336 0 0 0 0 0 0 0 0 0
- 302 0 0 0 0 0 0 0 0 0
- 253 0 0 0 0 0 0 0 0 0
- 317 0 0 0 0 0 0 0 0 0
- 158 0 0 0 0 0 0 0 0 0
- 114 0 0 0 0 0 0 0 0 0
- 485 0 0 0 0 0 0 0 0 0
- 119 0 0 0 0 0 0 0 0 0
+ 380 393 37 308 458 441 401 270 3 230
+ 170 181 191 464 375 328 473 317 317 22
- 259 0 0 0 0 0 0 0 0 0
+ 488 212 115 415 314 379 50 167 331 379
+ 379 173 16 220 240 368 439 312 63 237
+ 496 436 414 362 412 310 142 310 58 126
+ 219 466 366 396 77 363 327 120 401 53
- 283 0 0 0 0 0 0 0 0 0
+ 270 485 401 112 4 74 109 479 161 170
- 159 0 0 0 0 0 0 0 0 0
+ 123 254 441 355 331 493 396 360 2 127
- 420 0 0 0 0 0 0 0 0 0
- 1 0 0 0 0 0 0 0 0 0
- 273 0 0 0 0 0 0 0 0 0
- 464 0 0 0 0 0 0 0 0 0
+ 273 11 492 442 490 127 24 198 341 324
+ 103 487 384 192 78 323 259 142 322 200
- 431 0 0 0 0 0 0 0 0 0
+ 231 26 65 387 491 440 48 72 407 489
+ 394 473 257 266 335 300 243 311 137 381
+ 39 238 21 206 470 249 248 157 282 311
+ 120 324 169 44 493 379 206 304 113 15
- 385 0 0 0 0 0 0 0 0 0
- 79 0 0 0 0 0 0 0 0 0
+ 166 80 23 67 495 334 43 238 134 27
+ 378 148 464 475 134 196 206 87 467 340
- 37 0 0 0 0 0 0 0 0 0
+ 316 244 188 213 190 264 468 69 366 358
- 481 0 0 0 0 0 0 0 0 0
+ 432 490 325 108 149 452 49 71 94 121
- 346 0 0 0 0 0 0 0 0 0
+ 355 413 114 217 311 160 282 148 121 393
- 289 0 0 0 0 0 0 0 0 0
- 486 0 0 0 0 0 0 0 0 0
- 184 0 0 0 0 0 0 0 0 0
+ 66 248 282 397 309 181 191 149 204 416
+ 18 243 30 459 373 213 96 159 435 42
+ 5 390 376 389 16 237 117 278 162 139
- 214 0 0 0 0 0 0 0 0 0
- 303 0 0 0 0 0 0 0 0 0
- 63 0 0 0 0 0 0 0 0 0
- 131 0 0 0 0 0 0 0 0 0
+ 372 407 383 76 236 104 13 127 360 99
