- 587 0 0 0 0 0 0 0 0 0
+ 199 535 823 192 888 227 732 624 174 375
+ 621 527 749 89 700 133 875 721 855 721
+ 228 440 447 137 93 960 149 985 952 827
- 261 0 0 0 0 0 0 0 0 0
- 776 0 0 0 0 0 0 0 0 0
- 423 0 0 0 0 0 0 0 0 0
+ 758 312 15 188 755 825 307 766 928 439
+ 665 291 4 410 271 586 843 577 53 653
+ 813 519 6 704 969 980 799 440 590 702
+ 784 926 359 78 799 89 23 952 34 837
+ 504 292 30 941 420 418 768 570 604 197
- 800 0 0 0 0 0 0 0 0 0
+ 579 439 348 801 713 308 271 310 74 411
+ 70 780 598 12 620 183 699 307 624 49
- 408 0 0 0 0 0 0 0 0 0
+ 681 245 556 457 416 405 498 550 608 722
+ 767 83 725 220 430 360 761 484 835 734
- 230 0 0 0 0 0 0 0 0 0
+ 587 644 807 780 140 617 787 592 942 62
+ 173 639 514 165 737 360 453 915 921 964
+ 643 604 479 981 468 188 27 579 742 782
+ 832 336 634 96 399 247 958 408 693 358
- 243 0 0 0 0 0 0 0 0 0
- 993 0 0 0 0 0 0 0 0 0
- 106 0 0 0 0 0 0 0 0 0
- 207 0 0 0 0 0 0 0 0 0
+ 849 16 315 759 731 292 928 564 623 944
- 337 0 0 0 0 0 0 0 0 0
- 176 0 0 0 0 0 0 0 0 0
- 130 0 0 0 0 0 0 0 0 0
- 181 0 0 0 0 0 0 0 0 0
+ 131 30 409 890 444 904 55 352 305 7
+ 304 826 347 989 801 653 571 885 948 528
+ 920 297 499 945 372 241 256 296 535 239
- 856 0 0 0 0 0 0 0 0 0
- 1 0 0 0 0 0 0 0 0 0
- 980 0 0 0 0 0 0 0 0 0
+ 197 990 242 330 840 395 997 508 133 88
+ 875 259 285 118 262 436 814 883 528 8
+ 380 736 400 715 911 714 583 870 869 511
- 208 0 0 0 0 0 0 0 0 0
+ 256 993 718 822 30 646 465 822 809 256
- 385 0 0 0 0 0 0 0 0 0
- 330 0 0 0 0 0 0 0 0 0
+ 940 209 374 668 44 941 95 854 507 556
+ 687 220 672 925 345 958 678 280 325 252
- 500 0 0 0 0 0 0 0 0 0
- 427 0 0 0 0 0 0 0 0 0
- 317 0 0 0 0 0 0 0 0 0
+ 295 985 373 669 989 7 889 595 990 352
- 491 0 0 0 0 0 0 0 0 0
- 369 0 0 0 0 0 0 0 0 0
+ 146 592 531 857 394 621 249 83 607 368
- 475 0 0 0 0 0 0 0 0 0
+ 991 877 174 69 939 582 177 150 775 710
+ 368 688 676 329 604 111 626 683 403 393
+ 538 625 562 41 280 814 686 850 197 156
- 847 0 0 0 0 0 0 0 0 0
- 971 0 0 0 0 0 0 0 0 0
+ 574 711 669 137 558 271 257 415 450 536
- 99 0 0 0 0 0 0 0 0 0
+ 205 802 183 121 117 308 990 320 512 414
+ 230 719 810 37 815 258 923 978 877 151
- 938 0 0 0 0 0 0 0 0 0
+ 107 33 578 159 272 995 269 369 545 131
+ 709 860 275 311 676 613 359 563 843 347
- 168 0 0 0 0 0 0 0 0 0
+ 317 879 24 49 286 710 917 258 329 104
- 875 0 0 0 0 0 0 0 0 0
+ 710 950 765 396 630 87 13 796 920 387
+ 369 42 295 455 33 127 706 46 246 268
+ 736 233 560 997 145 511 304 78 864 989
+ 630 719 48 774 751 798 400 486 355 444
+ 432 223 9 450 511 63 724 85 71 339
- 263 0 0 0 0 0 0 0 0 0
+ 24 784 151 333 254 254 688 211 418 109
+ 757 528 889 859 65 100 640 902 412 92
- 3 0 0 0 0 0 0 0 0 0
+ 816 932 745 786 36 143 690 971 944 57
+ 728 561 133 436 51 728 369 761 50 135
- 8 0 0 0 0 0 0 0 0 0
- 78 0 0 0 0 0 0 0 0 0
- 11 0 0 0 0 0 0 0 0 0
+ 166 84 545 321 125 696 609 293 43 779
- 707 0 0 0 0 0 0 0 0 0
+ 104 757 111 399 928 346 968 842 593 91
+ 298 395 520 437 100 968 467 533 335 851
- 287 0 0 0 0 0 0 0 0 0
- 268 0 0 0 0 0 0 0 0 0
- 796 0 0 0 0 0 0 0 0 0
- 50 0 0 0 0 0 0 0 0 0
- 408 0 0 0 0 0 0 0 0 0
- 72 0 0 0 0 0 0 0 0 0
+ 997 727 203 394 821 687 391 132 268 35
- 90 0 0 0 0 0 0 0 0 0
- 763 0 0 0 0 0 0 0 0 0
+ 460 337 657 121 950 935 179 918 179 183
+ 211 996 28 559 153 923 872 749 210 532
+ 938 959 505 861 881 763 946 821 565 673
- 856 0 0 0 0 0 0 0 0 0
- 16 0 0 0 0 0 0 0 0 0
+ 250 826 980 48 550 493 699 975 468 663
- 184 0 0 0 0 0 0 0 0 0
- 856 0 0 0 0 0 0 0 0 0
- 380 0 0 0 0 0 0 0 0 0
- 991 0 0 0 0 0 0 0 0 0
- 155 0 0 0 0 0 0 0 0 0
+ 122 153 448 386 579 145 866 181 197 615
- 269 0 0 0 0 0 0 0 0 0
- 610 0 0 0 0 0 0 0 0 0
+ 970 423 764 497 826 977 793 771 59 150
+ 662 207 95 949 405 229 741 18 918 662
+ 457 725 927 28 235 456 988 738 262 502
+ 880 987 684 536 951 378 680 646 506 106
+ 974 218 522 533 10 800 262 257 952 336
- 885 0 0 0 0 0 0 0 0 0
+ 236 89 657 284 359 677 591 782 135 333
+ 972 403 635 831 564 983 221 740 97 901
+ 827 159 795 92 585 144 343 678 842 269
+ 619 36 583 985 991 679 130 577 110 920
- 390 0 0 0 0 0 0 0 0 0
- 3 0 0 0 0 0 0 0 0 0
+ 58 900 104 825 518 331 488 904 798 609
- 230 0 0 0 0 0 0 0 0 0
- 666 0 0 0 0 0 0 0 0 0
- 876 0 0 0 0 0 0 0 0 0
+ 333 988 794 34 717 454 725 116 946 481
- 535 0 0 0 0 0 0 0 0 0
+ 616 235 634 833 712 760 698 612 970 164
+ 557 995 419 332 399 523 493 638 465 218
+ 56 339 221 133 14 865 872 648 931 521
+ 411 588 902 81 925 32 341 568 525 442
- 823 0 0 0 0 0 0 0 0 0
- 30 0 0 0 0 0 0 0 0 0
+ 544 165 974 597 846 394 13 437 951 287
- 865 0 0 0 0 0 0 0 0 0
- 89 0 0 0 0 0 0 0 0 0
+ 772 56 770 213 195 478 675 223 351 995
- 405 0 0 0 0 0 0 0 0 0
+ 734 29 644 506 30 43 365 244 382 865
+ 176 160 887 409 294 457 166 922 463 236
+ 507 50 174 809 982 32 727 668 993 564
- 429 0 0 0 0 0 0 0 0 0
- 617 0 0 0 0 0 0 0 0 0
- 642 0 0 0 0 0 0 0 0 0
- 763 0 0 0 0 0 0 0 0 0
- 973 0 0 0 0 0 0 0 0 0
+ 995 938 838 702 652 560 91 72 2 5
- 716 0 0 0 0 0 0 0 0 0
- 263 0 0 0 0 0 0 0 0 0
+ 531 234 354 224 167 406 200 153 476 250
- 612 0 0 0 0 0 0 0 0 0
+ 638 118 261 372 309 118 885 464 930 676
- 858 0 0 0 0 0 0 0 0 0
- 545 0 0 0 0 0 0 0 0 0
- 846 0 0 0 0 0 0 0 0 0
- 491 0 0 0 0 0 0 0 0 0
+ 387 150 469 66 442 259 589 84 518 710
+ 513 772 162 292 58 280 390 782 452 767
- 260 0 0 0 0 0 0 0 0 0
- 238 0 0 0 0 0 0 0 0 0
+ 212 645 291 196 862 515 319 957 120 402
+ 118 539 221 129 901 531 885 594 694 785
+ 259 750 830 199 370 619 22 459 460 567
- 682 0 0 0 0 0 0 0 0 0
+ 990 54 531 272 109 884 114 910 15 40
+ 177 387 542 336 906 711 820 256 789 184
- 482 0 0 0 0 0 0 0 0 0
- 104 0 0 0 0 0 0 0 0 0
+ 405 765 227 132 956 882 111 988 369 457
+ 301 947 404 132 499 230 279 803 722 30
- 834 0 0 0 0 0 0 0 0 0
- 837 0 0 0 0 0 0 0 0 0
- 414 0 0 0 0 0 0 0 0 0
- 239 0 0 0 0 0 0 0 0 0
- 937 0 0 0 0 0 0 0 0 0
- 142 0 0 0 0 0 0 0 0 0
- 136 0 0 0 0 0 0 0 0 0
+ 343 707 717 491 63 688 560 14 842 490
+ 14 889 642 158 61 360 121 623 506 514
- 942 0 0 0 0 0 0 0 0 0
+ 55 681 264 906 829 386 782 217 315 861
+ 706 475 429 458 974 614 547 327 55 590
- 355 0 0 0 0 0 0 0 0 0
- 975 0 0 0 0 0 0 0 0 0
+ 234 561 893 804 575 299 822 794 99 245
- 714 0 0 0 0 0 0 0 0 0
- 560 0 0 0 0 0 0 0 0 0
- 741 0 0 0 0 0 0 0 0 0
- 401 0 0 0 0 0 0 0 0 0
- 278 0 0 0 0 0 0 0 0 0
- 792 0 0 0 0 0 0 0 0 0
+ 69 501 167 331 91 284 535 606 196 903
- 955 0 0 0 0 0 0 0 0 0
- 297 0 0 0 0 0 0 0 0 0
- 453 0 0 0 0 0 0 0 0 0
- 991 0 0 0 0 0 0 0 0 0
+ 339 977 50 157 913 13 639 724 229 215
+ 610 288 117 581 359 803 616 74 205 834
+ 996 480 743 95 117 56 130 993 900 335
+ 45 858 243 559 850 902 526 194 423 69
+ 847 334 724 624 768 50 565 828 165 627
+ 692 774 156 913 325 73 870 980 667 43
+ 963 603 871 636 647 953 964 327 15 928
+ 848 407 228 813 86 159 742 653 911 832
- 333 0 0 0 0 0 0 0 0 0
+ 384 108 477 920 320 738 689 29 842 795
- 23 0 0 0 0 0 0 0 0 0
- 557 0 0 0 0 0 0 0 0 0
+ 440 894 920 396 439 122 863 140 805 711
+ 810 632 801 870 621 982 776 106 216 90
- 559 0 0 0 0 0 0 0 0 0
- 940 0 0 0 0 0 0 0 0 0
- 371 0 0 0 0 0 0 0 0 0
- 711 0 0 0 0 0 0 0 0 0
+ 357 103 403 678 481 355 204 657 831 422
- 6 0 0 0 0 0 0 0 0 0
- 522 0 0 0 0 0 0 0 0 0
- 761 0 0 0 0 0 0 0 0 0
- 234 0 0 0 0 0 0 0 0 0
+ 572 899 143 131 434 195 729 546 303 823
+ 68 930 740 240 110 939 755 524 258 725
+ 364 176 297 602 363 117 524 723 75 347
+ 371 720 623 997 441 150 673 290 115 713
+ 846 87 508 520 974 935 556 399 962 49
+ 189 408 667 969 290 867 45 439 718 625
- 878 0 0 0 0 0 0 0 0 0
+ 636 978 810 858 588 161 660 637 92 753
- 245 0 0 0 0 0 0 0 0 0
- 269 0 0 0 0 0 0 0 0 0
- 956 0 0 0 0 0 0 0 0 0
- 450 0 0 0 0 0 0 0 0 0
+ 296 817 217 872 513 585 193 67 957 616
+ 310 508 390 285 133 584 765 750 462 125
+ 981 502 51 729 85 186 696 974 455 286
+ 110 671 489 729 831 321 840 212 22 26
- 865 0 0 0 0 0 0 0 0 0
- 653 0 0 0 0 0 0 0 0 0
- 471 0 0 0 0 0 0 0 0 0
- 645 0 0 0 0 0 0 0 0 0
- 765 0 0 0 0 0 0 0 0 0
+ 385 215 730 125 764 102 562 678 881 289
+ 327 773 430 79 336 942 830 246 204 567
+ 462 275 540 85 802 246 714 902 517 718
- 360 0 0 0 0 0 0 0 0 0
- 392 0 0 0 0 0 0 0 0 0
+ 46 637 826 48 57 254 901 550 690 411
+ 156 653 364 270 604 916 801 913 593 957
- 951 0 0 0 0 0 0 0 0 0
+ 988 934 201 732 815 191 694 635 344 735
+ 53 650 864 788 631 456 67 551 793 163
+ 358 951 887 112 673 996 475 852 946 908
- 604 0 0 0 0 0 0 0 0 0
+ 865 995 949 167 704 140 594 873 392 515
+ 321 809 793 196 524 113 426 924 672 381
- 787 0 0 0 0 0 0 0 0 0
- 842 0 0 0 0 0 0 0 0 0
+ 718 986 312 588 688 365 165 112 934 566
+ 294 786 267 917 0 755 104 66 629 653
+ 722 225 451 720 934 533 583 361 74 547
+ 22 328 962 719 427 621 921 625 33 340
- 937 0 0 0 0 0 0 0 0 0
- 966 0 0 0 0 0 0 0 0 0
+ 604 9 97 932 295 929 706 412 754 365
+ 145 404 243 189 777 19 877 180 792 143
+ 646 672 528 836 427 533 69 247 318 251
- 678 0 0 0 0 0 0 0 0 0
- 707 0 0 0 0 0 0 0 0 0
+ 103 889 366 972 844 844 514 313 957 448
+ 351 586 741 466 67 271 504 873 886 385
+ 539 906 553 667 727 222 471 425 39 840
+ 35 459 727 239 707 223 997 682 73 386
- 897 0 0 0 0 0 0 0 0 0
- 583 0 0 0 0 0 0 0 0 0
- 924 0 0 0 0 0 0 0 0 0
+ 224 273 465 886 843 168 31 211 601 277
+ 417 857 523 913 549 56 802 999 929 539
+ 733 81 874 669 995 655 529 124 223 518
- 682 0 0 0 0 0 0 0 0 0
+ 492 461 308 322 572 418 178 377 687 539
- 556 0 0 0 0 0 0 0 0 0
+ 978 316 489 353 669 661 405 770 554 270
- 150 0 0 0 0 0 0 0 0 0
- 773 0 0 0 0 0 0 0 0 0
+ 356 59 0 58 248 313 47 624 518 890
+ 461 906 444 959 382 398 806 902 769 373
+ 85 35 103 136 988 720 866 204 789 676
- 36 0 0 0 0 0 0 0 0 0
- 681 0 0 0 0 0 0 0 0 0
- 843 0 0 0 0 0 0 0 0 0
+ 543 866 323 299 764 727 453 909 250 314
+ 313 148 488 80 286 852 550 637 22 941
+ 260 592 830 814 326 857 227 472 155 915
- 201 0 0 0 0 0 0 0 0 0
- 842 0 0 0 0 0 0 0 0 0
+ 159 662 566 598 732 935 74 870 114 843
- 344 0 0 0 0 0 0 0 0 0
- 883 0 0 0 0 0 0 0 0 0
+ 922 886 9 159 880 730 94 224 765 719
+ 791 621 594 508 512 232 376 566 383 488
- 892 0 0 0 0 0 0 0 0 0
+ 592 818 905 95 576 696 801 673 963 786
- 879 0 0 0 0 0 0 0 0 0
+ 763 290 739 149 692 245 755 262 382 779
- 684 0 0 0 0 0 0 0 0 0
+ 891 643 554 401 439 860 632 740 224 896
+ 448 333 515 967 123 237 815 375 700 993
+ 266 959 24 234 426 75 373 112 61 132
+ 897 558 207 973 491 379 450 435 795 908
- 759 0 0 0 0 0 0 0 0 0
- 457 0 0 0 0 0 0 0 0 0
+ 392 443 174 330 876 133 460 27 3 125
- 449 0 0 0 0 0 0 0 0 0
- 577 0 0 0 0 0 0 0 0 0
+ 336 428 992 324 615 895 267 484 305 772
+ 363 828 225 17 720 836 346 334 436 600
+ 594 115 675 652 263 574 125 360 707 756
+ 941 763 876 593 572 95 172 217 37 652
+ 425 913 585 740 211 500 232 808 196 40
- 97 0 0 0 0 0 0 0 0 0
+ 737 856 494 439 278 749 273 409 912 495
+ 627 509 471 789 140 627 616 592 172 668
- 141 0 0 0 0 0 0 0 0 0
- 597 0 0 0 0 0 0 0 0 0
+ 503 478 339 908 53 99 535 530 466 460
+ 454 494 943 31 289 546 145 701 678 651
+ 314 804 885 250 504 268 431 755 755 209
+ 599 51 824 664 251 154 930 504 498 429
- 610 0 0 0 0 0 0 0 0 0
- 843 0 0 0 0 0 0 0 0 0
+ 519 658 580 236 416 181 939 767 450 878
- 433 0 0 0 0 0 0 0 0 0
- 271 0 0 0 0 0 0 0 0 0
- 211 0 0 0 0 0 0 0 0 0
- 878 0 0 0 0 0 0 0 0 0
+ 717 809 11 297 474 625 871 776 825 823
- 272 0 0 0 0 0 0 0 0 0
+ 634 292 71 840 107 161 208 481 327 96
- 574 0 0 0 0 0 0 0 0 0
- 851 0 0 0 0 0 0 0 0 0
+ 713 777 203 790 978 973 930 818 457 927
+ 714 446 139 745 155 356 441 781 197 495
- 616 0 0 0 0 0 0 0 0 0
- 799 0 0 0 0 0 0 0 0 0
+ 901 133 319 892 189 640 780 304 326 3
- 564 0 0 0 0 0 0 0 0 0
- 788 0 0 0 0 0 0 0 0 0
- 996 0 0 0 0 0 0 0 0 0
- 273 0 0 0 0 0 0 0 0 0
- 455 0 0 0 0 0 0 0 0 0
+ 614 952 712 410 61 185 986 349 763 349
+ 957 135 379 238 744 673 0 411 649 197
+ 49 80 0 524 466 72 425 506 479 372
- 831 0 0 0 0 0 0 0 0 0
+ 675 917 170 825 866 374 136 658 120 405
- 953 0 0 0 0 0 0 0 0 0
+ 704 946 912 546 550 10 134 615 318 326
- 557 0 0 0 0 0 0 0 0 0
- 640 0 0 0 0 0 0 0 0 0
+ 664 628 554 658 639 420 97 131 203 764
- 113 0 0 0 0 0 0 0 0 0
- 926 0 0 0 0 0 0 0 0 0
+ 960 950 882 440 666 543 474 327 872 669
- 193 0 0 0 0 0 0 0 0 0
- 412 0 0 0 0 0 0 0 0 0
+ 102 561 662 788 682 689 409 44 982 166
- 985 0 0 0 0 0 0 0 0 0
+ 916 926 424 27 951 574 932 557 992 452
- 154 0 0 0 0 0 0 0 0 0
+ 689 688 792 381 704 795 185 461 679 678
- 643 0 0 0 0 0 0 0 0 0
+ 509 260 289 849 168 564 910 420 601 953
- 195 0 0 0 0 0 0 0 0 0
+ 272 565 504 765 605 698 536 449 472 15
+ 798 250 451 39 17 482 118 929 518 171
- 910 0 0 0 0 0 0 0 0 0
+ 184 723 816 734 533 129 724 982 954 215
+ 593 417 243 796 590 724 531 162 121 11
- 658 0 0 0 0 0 0 0 0 0
+ 423 977 777 512 211 775 576 515 295 448
+ 428 791 713 357 625 726 86 829 176 192
+ 799 243 209 111 469 176 969 899 969 706
- 118 0 0 0 0 0 0 0 0 0
- 409 0 0 0 0 0 0 0 0 0
+ 695 221 79 705 953 347 99 84 50 713
+ 729 193 75 910 703 346 14 315 73 779
+ 1 211 604 700 83 161 448 653 956 120
+ 319 376 3 695 112 521 70 527 448 417
+ 209 871 775 253 427 982 712 803 230 849
- 860 0 0 0 0 0 0 0 0 0
+ 293 759 25 389 209 350 528 110 28 748
- 109 0 0 0 0 0 0 0 0 0
+ 179 32 10 282 171 438 20 223 173 642
+ 782 415 479 283 172 937 36 823 755 389
- 72 0 0 0 0 0 0 0 0 0
- 567 0 0 0 0 0 0 0 0 0
+ 679 801 49 863 902 965 101 816 308 39
+ 558 279 60 140 33 811 703 900 836 196
+ 477 113 481 391 782 467 178 250 475 541
- 157 0 0 0 0 0 0 0 0 0
+ 61 433 961 404 452 376 281 906 972 719
- 131 0 0 0 0 0 0 0 0 0
- 361 0 0 0 0 0 0 0 0 0
- 707 0 0 0 0 0 0 0 0 0
- 717 0 0 0 0 0 0 0 0 0
- 500 0 0 0 0 0 0 0 0 0
- 648 0 0 0 0 0 0 0 0 0
- 772 0 0 0 0 0 0 0 0 0
+ 422 490 514 926 64 583 298 441 116 915
- 776 0 0 0 0 0 0 0 0 0
- 34 0 0 0 0 0 0 0 0 0
- 417 0 0 0 0 0 0 0 0 0
- 808 0 0 0 0 0 0 0 0 0
+ 951 284 720 179 956 343 236 345 799 151
+ 588 223 816 805 363 954 4 516 134 615
- 847 0 0 0 0 0 0 0 0 0
+ 18 789 132 876 589 774 928 938 60 321
- 468 0 0 0 0 0 0 0 0 0
+ 138 732 411 751 694 39 796 54 174 206
+ 542 113 574 745 545 922 564 445 522 260
- 834 0 0 0 0 0 0 0 0 0
- 230 0 0 0 0 0 0 0 0 0
- 156 0 0 0 0 0 0 0 0 0
+ 185 965 640 318 110 774 461 436 953 333
- 137 0 0 0 0 0 0 0 0 0
- 330 0 0 0 0 0 0 0 0 0
- 569 0 0 0 0 0 0 0 0 0
- 324 0 0 0 0 0 0 0 0 0
+ 479 432 53 932 365 301 453 709 877 446
- 830 0 0 0 0 0 0 0 0 0
+ 517 383 514 689 32 854 30 506 179 872
- 952 0 0 0 0 0 0 0 0 0
+ 434 206 460 834 626 652 779 658 380 178
- 172 0 0 0 0 0 0 0 0 0
+ 287 387 947 341 424 795 341 727 733 396
- 30 0 0 0 0 0 0 0 0 0
+ 685 368 269 303 80 987 68 345 374 151
- 129 0 0 0 0 0 0 0 0 0
- 880 0 0 0 0 0 0 0 0 0
- 462 0 0 0 0 0 0 0 0 0
+ 888 560 807 744 50 744 689 842 407 764
- 192 0 0 0 0 0 0 0 0 0
+ 755 760 867 741 543 839 206 711 836 879
- 574 0 0 0 0 0 0 0 0 0
- 792 0 0 0 0 0 0 0 0 0
+ 326 56 984 820 19 149 729 361 177 376
- 868 0 0 0 0 0 0 0 0 0
- 272 0 0 0 0 0 0 0 0 0
- 649 0 0 0 0 0 0 0 0 0
- 1000 0 0 0 0 0 0 0 0 0
- 181 0 0 0 0 0 0 0 0 0
- 567 0 0 0 0 0 0 0 0 0
- 580 0 0 0 0 0 0 0 0 0
+ 703 524 881 215 412 335 674 678 676 114
- 726 0 0 0 0 0 0 0 0 0
+ 761 465 894 545 434 655 940 274 425 526
- 451 0 0 0 0 0 0 0 0 0
- 635 0 0 0 0 0 0 0 0 0
- 1 0 0 0 0 0 0 0 0 0
+ 238 965 102 367 377 214 51 585 356 365
+ 546 937 809 46 978 444 861 139 912 874
+ 89 293 859 151 929 940 584 848 595 370
+ 247 201 694 696 74 20 661 423 334 400
+ 464 819 848 154 690 186 593 692 226 738
- 286 0 0 0 0 0 0 0 0 0
- 990 0 0 0 0 0 0 0 0 0
+ 921 849 440 542 548 234 157 204 261 69
+ 324 57 993 317 772 910 419 913 726 763
- 493 0 0 0 0 0 0 0 0 0
+ 116 312 723 54 216 233 946 29 555 217
+ 595 262 30 756 814 161 146 344 215 612
+ 835 640 755 15 345 513 921 616 577 203
+ 904 414 735 903 577 326 879 841 878 33
- 384 0 0 0 0 0 0 0 0 0
+ 222 872 178 132 57 80 294 773 539 792
+ 64 240 472 764 862 108 786 791 981 346
+ 760 950 10 178 93 138 915 564 437 827
- 331 0 0 0 0 0 0 0 0 0
- 876 0 0 0 0 0 0 0 0 0
+ 125 470 964 763 5 788 839 664 368 49
+ 952 548 378 485 768 978 330 557 636 740
+ 361 318 350 613 116 900 451 732 989 695
+ 801 687 36 671 680 393 810 130 93 954
- 496 0 0 0 0 0 0 0 0 0
- 435 0 0 0 0 0 0 0 0 0
+ 494 952 134 974 606 534 981 448 858 889
- 683 0 0 0 0 0 0 0 0 0
- 140 0 0 0 0 0 0 0 0 0
- 771 0 0 0 0 0 0 0 0 0
- 511 0 0 0 0 0 0 0 0 0
+ 430 266 184 655 76 640 201 177 296 10
+ 674 185 809 87 763 604 455 981 678 568
- 904 0 0 0 0 0 0 0 0 0
- 551 0 0 0 0 0 0 0 0 0
+ 473 650 148 606 675 166 687 535 302 888
- 97 0 0 0 0 0 0 0 0 0
+ 192 34 120 942 91 363 346 907 52 697
- 676 0 0 0 0 0 0 0 0 0
- 19 0 0 0 0 0 0 0 0 0
- 585 0 0 0 0 0 0 0 0 0
- 252 0 0 0 0 0 0 0 0 0
+ 752 713 934 586 4 773 314 686 804 876
+ 670 392 300 293 654 261 299 151 609 258
+ 883 565 1 291 451 832 961 571 485 911
- 618 0 0 0 0 0 0 0 0 0
+ 534 846 80 115 75 919 983 955 61 839
+ 797 952 384 527 983 333 141 187 719 605
+ 903 819 247 232 112 713 360 127 366 463
- 365 0 0 0 0 0 0 0 0 0
+ 864 242 733 42 311 913 672 620 556 192
- 909 0 0 0 0 0 0 0 0 0
+ 331 749 916 712 615 580 427 62 412 722
- 168 0 0 0 0 0 0 0 0 0
- 520 0 0 0 0 0 0 0 0 0
- 58 0 0 0 0 0 0 0 0 0
- 576 0 0 0 0 0 0 0 0 0
- 533 0 0 0 0 0 0 0 0 0
+ 723 543 396 881 413 349 591 476 666 762
- 932 0 0 0 0 0 0 0 0 0
+ 838 521 645 517 644 493 829 691 677 29
- 354 0 0 0 0 0 0 0 0 0
- 391 0 0 0 0 0 0 0 0 0
+ 320 905 913 355 794 902 70 684 481 449
- 262 0 0 0 0 0 0 0 0 0
+ 73 696 138 910 383 721 977 149 747 842
- 208 0 0 0 0 0 0 0 0 0
+ 802 991 415 365 427 122 830 483 159 557
+ 277 601 879 512 642 27 75 940 641 128
- 150 0 0 0 0 0 0 0 0 0
+ 96 621 744 446 568 874 800 716 391 605
+ 152 944 335 70 457 656 645 615 232 152
+ 498 725 746 954 871 447 486 676 254 22
+ 932 445 335 924 386 385 370 5 28 109
+ 565 222 184 185 533 363 768 7 379 163
- 314 0 0 0 0 0 0 0 0 0
+ 381 848 123 579 892 208 250 110 417 386
+ 911 857 348 522 431 247 572 469 730 687
+ 499 114 930 334 76 978 972 683 886 911
- 718 0 0 0 0 0 0 0 0 0
- 515 0 0 0 0 0 0 0 0 0
+ 303 876 614 338 352 211 461 614 941 721
- 808 0 0 0 0 0 0 0 0 0
- 131 0 0 0 0 0 0 0 0 0
- 397 0 0 0 0 0 0 0 0 0
+ 792 826 303 6 238 576 145 440 194 114
- 225 0 0 0 0 0 0 0 0 0
+ 967 632 386 542 370 751 160 183 463 847
- 556 0 0 0 0 0 0 0 0 0
- 751 0 0 0 0 0 0 0 0 0
+ 23 411 395 119 783 757 909 72 186 423
+ 87 809 638 860 466 955 602 619 663 244
+ 207 242 917 590 175 505 90 484 12 422
+ 935 589 984 564 645 284 336 955 849 886
+ 72 984 344 112 670 116 232 976 365 806
+ 242 38 623 74 563 376 866 764 283 911
- 533 0 0 0 0 0 0 0 0 0
+ 984 758 905 531 130 64 944 140 577 809
- 411 0 0 0 0 0 0 0 0 0
- 487 0 0 0 0 0 0 0 0 0
+ 193 194 624 1000 729 311 974 706 136 299
- 60 0 0 0 0 0 0 0 0 0
+ 151 662 170 468 970 483 420 467 97 108
+ 47 747 511 651 207 649 176 469 255 871
- 991 0 0 0 0 0 0 0 0 0
+ 680 574 800 983 231 159 803 576 110 871
+ 871 475 361 249 555 695 802 793 229 631
+ 866 467 292 295 942 807 2 364 33 161
- 774 0 0 0 0 0 0 0 0 0
- 514 0 0 0 0 0 0 0 0 0
+ 696 126 620 626 673 587 793 533 657 967
+ 439 954 315 139 35 407 672 285 89 918
- 748 0 0 0 0 0 0 0 0 0
- 924 0 0 0 0 0 0 0 0 0
- 936 0 0 0 0 0 0 0 0 0
+ 648 389 498 236 643 12 141 529 347 347
+ 468 424 604 393 753 963 760 788 969 830
- 252 0 0 0 0 0 0 0 0 0
- 234 0 0 0 0 0 0 0 0 0
+ 109 894 871 791 119 547 212 657 76 47
+ 809 127 338 651 840 148 797 805 143 938
- 538 0 0 0 0 0 0 0 0 0
- 614 0 0 0 0 0 0 0 0 0
- 231 0 0 0 0 0 0 0 0 0
+ 139 379 265 99 543 602 526 338 202 143
+ 894 127 741 653 730 696 723 503 502 972
+ 450 64 972 174 947 861 571 654 282 78
- 53 0 0 0 0 0 0 0 0 0
+ 731 808 680 378 759 961 25 546 817 629
- 471 0 0 0 0 0 0 0 0 0
- 585 0 0 0 0 0 0 0 0 0
- 474 0 0 0 0 0 0 0 0 0
+ 187 443 26 34 39 861 738 767 706 816
+ 167 322 510 282 717 951 590 213 349 991
- 609 0 0 0 0 0 0 0 0 0
- 846 0 0 0 0 0 0 0 0 0
- 425 0 0 0 0 0 0 0 0 0
+ 273 567 921 570 704 171 596 166 112 776
- 614 0 0 0 0 0 0 0 0 0
- 989 0 0 0 0 0 0 0 0 0
+ 286 292 676 549 368 268 445 514 434 789
+ 161 318 216 779 785 464 664 211 963 695
+ 270 997 148 153 609 530 72 176 863 183
+ 899 797 484 762 210 512 47 419 823 320
- 607 0 0 0 0 0 0 0 0 0
+ 622 481 850 70 830 636 118 438 637 860
+ 564 214 377 439 1000 68 785 176 572 419
+ 570 843 740 407 377 203 311 554 414 924
+ 396 507 759 508 997 96 212 191 640 989
+ 33 752 331 932 661 658 9 764 779 865
- 855 0 0 0 0 0 0 0 0 0
- 844 0 0 0 0 0 0 0 0 0
+ 67 652 460 576 769 339 558 718 158 820
+ 779 176 282 11 339 512 304 912 94 530
+ 744 48 15 648 857 778 569 31 599 859
- 142 0 0 0 0 0 0 0 0 0
- 961 0 0 0 0 0 0 0 0 0
+ 943 461 892 72 50 723 57 501 758 509
- 894 0 0 0 0 0 0 0 0 0
+ 280 306 886 188 438 631 352 353 781 273
+ 276 774 538 411 742 975 150 850 3 196
- 589 0 0 0 0 0 0 0 0 0
- 65 0 0 0 0 0 0 0 0 0
+ 204 877 626 1000 823 724 262 127 880 325
- 100 0 0 0 0 0 0 0 0 0
- 876 0 0 0 0 0 0 0 0 0
+ 601 973 183 426 626 253 712 662 778 80
+ 74 788 56 588 195 835 887 75 301 125
+ 121 634 667 331 920 898 538 311 506 277
- 198 0 0 0 0 0 0 0 0 0
- 390 0 0 0 0 0 0 0 0 0
+ 34 749 808 526 259 943 581 439 432 936
+ 783 478 355 236 401 202 707 695 849 328
- 301 0 0 0 0 0 0 0 0 0
+ 25 504 462 54 441 322 719 678 209 994
- 232 0 0 0 0 0 0 0 0 0
+ 388 567 478 605 234 273 312 53 783 275
- 805 0 0 0 0 0 0 0 0 0
+ 694 349 276 361 964 255 210 435 99 163
- 731 0 0 0 0 0 0 0 0 0
+ 824 43 972 939 888 311 502 452 945 65
+ 651 432 981 471 705 825 937 151 564 914
- 433 0 0 0 0 0 0 0 0 0
- 241 0 0 0 0 0 0 0 0 0
- 904 0 0 0 0 0 0 0 0 0
- 409 0 0 0 0 0 0 0 0 0
+ 510 767 931 909 820 695 39 455 676 367
+ 721 757 209 34 625 663 556 396 365 722
+ 719 586 348 173 255 159 384 270 476 112
+ 315 693 382 567 173 646 281 498 177 771
+ 856 449 256 835 825 234 183 437 640 487
+ 407 849 536 242 279 638 258 690 87 262
+ 811 628 990 487 258 892 294 521 167 391
- 81 0 0 0 0 0 0 0 0 0
- 877 0 0 0 0 0 0 0 0 0
+ 954 961 767 139 221 731 905 892 328 414
+ 994 592 42 608 699 114 489 318 130 5
- 255 0 0 0 0 0 0 0 0 0
- 218 0 0 0 0 0 0 0 0 0
- 365 0 0 0 0 0 0 0 0 0
+ 235 207 243 944 297 306 487 686 355 45
- 913 0 0 0 0 0 0 0 0 0
+ 818 634 849 860 309 863 393 494 238 840
- 801 0 0 0 0 0 0 0 0 0
+ 836 143 438 832 779 320 93 772 856 412
+ 949 428 265 35 254 691 322 60 535 451
- 391 0 0 0 0 0 0 0 0 0
+ 202 293 64 171 250 4 47 547 621 725
+ 828 953 55 681 364 24 338 255 493 200
+ 707 563 51 102 634 771 30 867 611 398
- 143 0 0 0 0 0 0 0 0 0
+ 346 252 397 59 324 893 500 10 320 74
+ 347 476 901 420 445 766 32 929 223 457
- 404 0 0 0 0 0 0 0 0 0
+ 566 313 42 863 484 623 501 731 627 280
- 354 0 0 0 0 0 0 0 0 0
+ 693 758 14 193 844 668 593 581 922 599
- 1000 0 0 0 0 0 0 0 0 0
+ 51 728 201 157 783 944 701 641 566 562
+ 552 984 488 920 445 9 563 853 850 227
- 220 0 0 0 0 0 0 0 0 0
- 253 0 0 0 0 0 0 0 0 0
+ 739 900 797 83 236 750 150 539 922 664
+ 352 664 605 307 426 209 115 394 465 855
+ 968 381 99 483 468 187 413 25 517 959
- 238 0 0 0 0 0 0 0 0 0
+ 332 542 81 325 749 767 401 241 169 336
- 439 0 0 0 0 0 0 0 0 0
- 641 0 0 0 0 0 0 0 0 0
+ 780 624 802 590 493 547 857 996 825 910
+ 115 37 198 188 926 122 984 644 204 117
- 51 0 0 0 0 0 0 0 0 0
+ 749 632 766 400 866 285 97 362 707 66
+ 768 247 733 544 144 512 825 86 718 948
+ 660 988 638 128 364 852 700 759 876 412
- 648 0 0 0 0 0 0 0 0 0
- 81 0 0 0 0 0 0 0 0 0
+ 806 532 158 874 538 833 701 280 189 118
+ 584 192 634 721 146 405 40 646 973 37
+ 697 395 75 595 787 544 124 738 386 675
+ 214 608 591 112 357 321 916 411 453 642
- 93 0 0 0 0 0 0 0 0 0
+ 925 804 690 941 166 867 290 881 222 1000
- 411 0 0 0 0 0 0 0 0 0
- 581 0 0 0 0 0 0 0 0 0
+ 661 715 351 805 416 857 433 196 549 319
- 129 0 0 0 0 0 0 0 0 0
+ 851 394 863 478 982 458 762 228 877 225
+ 463 511 193 14 660 0 605 398 354 470
+ 732 207 82 335 645 695 268 153 336 998
- 97 0 0 0 0 0 0 0 0 0
- 877 0 0 0 0 0 0 0 0 0
+ 182 326 621 781 749 879 452 639 575 953
+ 297 797 50 836 826 247 262 609 118 929
- 464 0 0 0 0 0 0 0 0 0
- 1 0 0 0 0 0 0 0 0 0
+ 186 870 775 316 27 950 101 709 834 369
+ 292 912 428 326 195 967 202 999 824 242
+ 472 171 850 626 736 754 509 890 980 507
+ 617 582 146 757 180 687 667 827 358 688
- 555 0 0 0 0 0 0 0 0 0
+ 262 171 720 251 552 407 416 719 983 912
- 77 0 0 0 0 0 0 0 0 0
+ 191 491 71 434 299 708 843 245 797 137
+ 490 299 724 589 225 370 277 507 463 388
+ 239 43 201 193 663 772 992 373 935 309
- 150 0 0 0 0 0 0 0 0 0
- 848 0 0 0 0 0 0 0 0 0
- 433 0 0 0 0 0 0 0 0 0
- 624 0 0 0 0 0 0 0 0 0
- 780 0 0 0 0 0 0 0 0 0
+ 337 198 879 154 612 866 500 920 807 518
- 295 0 0 0 0 0 0 0 0 0
- 268 0 0 0 0 0 0 0 0 0
+ 258 89 971 867 916 502 291 572 986 524
- 853 0 0 0 0 0 0 0 0 0
+ 117 98 239 562 754 269 191 599 212 857
- 147 0 0 0 0 0 0 0 0 0
+ 688 717 866 855 507 165 583 348 85 601
- 112 0 0 0 0 0 0 0 0 0
+ 672 519 19 944 81 526 131 383 344 137
- 10 0 0 0 0 0 0 0 0 0
+ 135 943 362 319 345 76 390 437 198 110
+ 769 202 831 121 104 30 707 310 751 797
- 791 0 0 0 0 0 0 0 0 0
- 566 0 0 0 0 0 0 0 0 0
- 843 0 0 0 0 0 0 0 0 0
+ 390 740 513 936 93 324 637 653 593 608
+ 876 796 204 777 574 44 838 61 386 973
- 999 0 0 0 0 0 0 0 0 0
- 697 0 0 0 0 0 0 0 0 0
- 215 0 0 0 0 0 0 0 0 0
- 756 0 0 0 0 0 0 0 0 0
- 257 0 0 0 0 0 0 0 0 0
- 395 0 0 0 0 0 0 0 0 0
- 686 0 0 0 0 0 0 0 0 0
- 25 0 0 0 0 0 0 0 0 0
+ 514 418 119 896 742 438 836 471 178 891
+ 252 198 834 648 551 960 341 935 478 924
+ 591 371 371 651 172 501 563 344 824 919
+ 419 298 390 558 921 632 739 591 992 514
+ 183 968 139 740 495 734 87 169 224 143
+ 398 615 903 964 830 163 27 752 634 452
+ 590 713 616 354 554 879 648 39 704 141
- 31 0 0 0 0 0 0 0 0 0
+ 345 55 311 764 804 505 595 702 562 773
- 775 0 0 0 0 0 0 0 0 0
- 952 0 0 0 0 0 0 0 0 0
- 554 0 0 0 0 0 0 0 0 0
- 247 0 0 0 0 0 0 0 0 0
- 824 0 0 0 0 0 0 0 0 0
- 708 0 0 0 0 0 0 0 0 0
+ 831 653 869 554 596 638 588 454 290 180
+ 144 328 280 660 920 796 762 936 119 410
- 392 0 0 0 0 0 0 0 0 0
- 839 0 0 0 0 0 0 0 0 0
+ 190 840 63 716 782 338 168 636 996 760
- 683 0 0 0 0 0 0 0 0 0
- 657 0 0 0 0 0 0 0 0 0
+ 568 451 922 22 605 890 334 686 813 824
- 721 0 0 0 0 0 0 0 0 0
- 692 0 0 0 0 0 0 0 0 0
- 26 0 0 0 0 0 0 0 0 0
+ 971 606 376 952 135 817 609 695 658 241
+ 213 911 295 765 640 705 650 250 744 321
- 180 0 0 0 0 0 0 0 0 0
+ 597 636 160 689 742 243 24 370 504 350
+ 227 180 45 713 991 673 493 133 625 208
- 456 0 0 0 0 0 0 0 0 0
+ 75 326 988 272 409 784 767 883 141 117
- 848 0 0 0 0 0 0 0 0 0
- 430 0 0 0 0 0 0 0 0 0
- 697 0 0 0 0 0 0 0 0 0
+ 253 496 931 435 354 136 881 756 958 186
+ 279 506 975 799 444 499 384 356 451 905
- 434 0 0 0 0 0 0 0 0 0
- 972 0 0 0 0 0 0 0 0 0
- 118 0 0 0 0 0 0 0 0 0
+ 747 633 298 652 884 136 196 458 967 648
+ 635 302 23 990 186 59 489 466 487 605
+ 137 834 579 332 311 340 93 781 914 563
+ 377 639 144 410 492 495 804 428 108 529
+ 420 230 30 771 418 177 959 920 454 223
- 494 0 0 0 0 0 0 0 0 0
- 358 0 0 0 0 0 0 0 0 0
+ 658 105 88 460 245 245 351 492 226 378
- 964 0 0 0 0 0 0 0 0 0
- 139 0 0 0 0 0 0 0 0 0
- 473 0 0 0 0 0 0 0 0 0
+ 669 829 594 31 762 391 484 182 176 646
- 665 0 0 0 0 0 0 0 0 0
- 198 0 0 0 0 0 0 0 0 0
+ 431 124 294 889 1000 130 177 459 923 775
+ 743 694 936 361 496 435 869 341 976 340
- 225 0 0 0 0 0 0 0 0 0
+ 625 962 902 410 911 400 241 83 308 157
- 90 0 0 0 0 0 0 0 0 0
- 74 0 0 0 0 0 0 0 0 0
- 629 0 0 0 0 0 0 0 0 0
- 640 0 0 0 0 0 0 0 0 0
- 579 0 0 0 0 0 0 0 0 0
+ 794 748 334 97 982 114 712 585 862 893
+ 573 61 354 653 184 770 472 604 292 971
+ 982 149 399 45 828 379 4 1000 336 171
+ 318 41 958 771 509 645 440 700 75 723
+ 488 641 716 647 119 497 199 976 468 929
+ 203 983 191 467 492 576 497 53 791 96
- 447 0 0 0 0 0 0 0 0 0
- 302 0 0 0 0 0 0 0 0 0
+ 50 106 55 460 567 900 311 436 7 330
- 607 0 0 0 0 0 0 0 0 0
+ 726 252 635 827 793 15 98 860 615 215
- 408 0 0 0 0 0 0 0 0 0
+ 263 210 219 122 150 544 272 504 570 158
+ 720 906 414 474 34 128 884 825 429 91
+ 631 302 521 251 8 421 651 709 373 949
+ 379 585 483 491 3 209 397 755 727 961
+ 879 331 569 68 21 564 722 256 434 660
- 777 0 0 0 0 0 0 0 0 0
+ 400 513 417 113 748 912 84 407 891 392
+ 933 203 755 491 213 878 99 321 755 610
- 631 0 0 0 0 0 0 0 0 0
- 610 0 0 0 0 0 0 0 0 0
+ 164 968 718 360 766 778 222 387 694 672
- 535 0 0 0 0 0 0 0 0 0
+ 777 760 854 43 781 614 675 615 140 723
- 616 0 0 0 0 0 0 0 0 0
+ 481 370 20 219 809 153 229 880 899 332
- 799 0 0 0 0 0 0 0 0 0
- 180 0 0 0 0 0 0 0 0 0
+ 537 97 677 858 764 860 419 506 465 379
- 396 0 0 0 0 0 0 0 0 0
- 65 0 0 0 0 0 0 0 0 0
- 186 0 0 0 0 0 0 0 0 0
+ 647 745 523 840 25 386 259 511 622 66
+ 775 669 106 249 270 40 516 787 935 310
- 283 0 0 0 0 0 0 0 0 0
+ 705 601 276 512 11 447 201 751 632 531
+ 881 82 439 705 673 742 164 500 557 808
+ 605 663 539 373 601 225 536 654 797 496
- 137 0 0 0 0 0 0 0 0 0
- 947 0 0 0 0 0 0 0 0 0
+ 724 918 578 515 219 550 517 162 752 278
- 716 0 0 0 0 0 0 0 0 0
- 779 0 0 0 0 0 0 0 0 0
+ 598 253 243 836 955 999 208 802 400 911
+ 302 379 814 41 596 867 131 748 649 329
- 134 0 0 0 0 0 0 0 0 0
- 130 0 0 0 0 0 0 0 0 0
+ 868 845 703 89 742 927 322 122 795 909
+ 350 521 827 240 695 293 177 671 196 290
+ 895 533 680 466 295 617 741 389 403 165
- 885 0 0 0 0 0 0 0 0 0
+ 936 482 431 204 80 666 903 92 285 413
- 856 0 0 0 0 0 0 0 0 0
+ 397 967 871 228 613 844 631 649 868 479
+ 316 967 566 269 16 524 245 422 522 745
+ 795 255 289 374 775 732 643 610 992 198
- 739 0 0 0 0 0 0 0 0 0
- 499 0 0 0 0 0 0 0 0 0
- 12 0 0 0 0 0 0 0 0 0
+ 66 580 519 414 669 734 541 705 532 933
- 672 0 0 0 0 0 0 0 0 0
+ 271 684 214 321 504 286 897 737 666 621
+ 97 983 329 316 815 532 133 646 972 7
+ 980 111 265 91 518 581 882 629 761 393
- 349 0 0 0 0 0 0 0 0 0
- 926 0 0 0 0 0 0 0 0 0
+ 181 505 564 956 954 201 985 485 643 232
+ 376 485 21 238 883 274 837 558 611 587
- 893 0 0 0 0 0 0 0 0 0
- 318 0 0 0 0 0 0 0 0 0
- 444 0 0 0 0 0 0 0 0 0
+ 44 282 616 819 617 623 245 316 841 134
- 975 0 0 0 0 0 0 0 0 0
- 22 0 0 0 0 0 0 0 0 0
+ 451 56 281 50 131 504 958 89 705 472
- 566 0 0 0 0 0 0 0 0 0
+ 923 285 714 120 597 518 844 277 211 389
+ 854 337 139 252 107 880 208 422 93 909
- 882 0 0 0 0 0 0 0 0 0
- 256 0 0 0 0 0 0 0 0 0
+ 716 666 989 715 30 628 24 407 420 774
+ 560 474 180 76 497 321 450 598 379 730
- 243 0 0 0 0 0 0 0 0 0
- 55 0 0 0 0 0 0 0 0 0
- 598 0 0 0 0 0 0 0 0 0
- 256 0 0 0 0 0 0 0 0 0
+ 561 400 950 113 611 542 863 623 625 788
+ 8 770 980 98 98 263 865 733 87 910
+ 427 1 886 229 199 110 450 875 814 428
- 373 0 0 0 0 0 0 0 0 0
- 356 0 0 0 0 0 0 0 0 0
- 890 0 0 0 0 0 0 0 0 0
- 100 0 0 0 0 0 0 0 0 0
- 56 0 0 0 0 0 0 0 0 0
+ 300 791 588 409 276 608 90 688 873 430
- 76 0 0 0 0 0 0 0 0 0
+ 42 812 659 30 400 522 400 640 643 340
+ 834 577 729 507 258 989 773 7 970 791
- 265 0 0 0 0 0 0 0 0 0
+ 603 47 989 171 38 984 191 456 225 516
- 257 0 0 0 0 0 0 0 0 0
- 334 0 0 0 0 0 0 0 0 0
+ 735 583 221 521 616 186 668 328 634 631
- 119 0 0 0 0 0 0 0 0 0
- 88 0 0 0 0 0 0 0 0 0
+ 484 993 179 431 374 174 25 480 995 510
+ 789 784 794 968 840 528 530 682 733 940
+ 412 925 664 518 886 265 356 709 269 715
- 234 0 0 0 0 0 0 0 0 0
+ 130 152 593 99 833 373 868 911 597 315
+ 38 97 860 798 884 281 905 94 380 487
+ 443 840 670 690 888 792 820 160 168 752
- 988 0 0 0 0 0 0 0 0 0
- 722 0 0 0 0 0 0 0 0 0
+ 426 85 893 754 787 99 286 515 412 375
- 329 0 0 0 0 0 0 0 0 0
- 329 0 0 0 0 0 0 0 0 0
+ 119 170 834 269 677 605 545 372 157 837
+ 702 848 714 549 17 187 66 905 71 986
- 714 0 0 0 0 0 0 0 0 0
+ 91 439 674 677 282 784 387 905 25 836
+ 225 186 353 358 595 934 572 540 486 522
+ 896 617 106 91 939 869 659 771 390 682
- 467 0 0 0 0 0 0 0 0 0
+ 526 550 43 599 91 392 524 105 600 652
- 632 0 0 0 0 0 0 0 0 0
+ 124 0 841 991 896 264 571 267 888 899
+ 436 143 546 216 445 136 564 312 619 707
+ 41 8 668 133 28 926 524 201 454 626
+ 667 423 912 333 896 669 134 823 837 559
- 162 0 0 0 0 0 0 0 0 0
+ 201 634 379 654 835 38 272 358 539 5
+ 628 282 822 345 649 45 287 593 993 867
- 221 0 0 0 0 0 0 0 0 0
+ 169 530 89 645 487 819 728 539 341 526
- 941 0 0 0 0 0 0 0 0 0
- 844 0 0 0 0 0 0 0 0 0
- 293 0 0 0 0 0 0 0 0 0
- 538 0 0 0 0 0 0 0 0 0
- 49 0 0 0 0 0 0 0 0 0
+ 659 509 815 287 307 896 951 626 623 562
- 379 0 0 0 0 0 0 0 0 0
+ 715 543 389 88 623 515 359 590 876 194
+ 240 345 186 867 505 53 823 886 222 185
- 892 0 0 0 0 0 0 0 0 0
- 514 0 0 0 0 0 0 0 0 0
+ 576 651 193 947 921 610 781 680 130 550
+ 7 189 659 958 359 587 977 338 527 85
+ 4 611 99 935 23 681 587 174 484 40
- 0 0 0 0 0 0 0 0 0 0
- 883 0 0 0 0 0 0 0 0 0
- 874 0 0 0 0 0 0 0 0 0
- 488 0 0 0 0 0 0 0 0 0
+ 255 131 956 496 489 664 901 796 619 798
- 354 0 0 0 0 0 0 0 0 0
+ 495 334 344 897 928 877 972 39 116 626
- 743 0 0 0 0 0 0 0 0 0
- 448 0 0 0 0 0 0 0 0 0
- 392 0 0 0 0 0 0 0 0 0
- 369 0 0 0 0 0 0 0 0 0
+ 133 330 417 149 751 585 294 16 772 503
- 770 0 0 0 0 0 0 0 0 0
- 781 0 0 0 0 0 0 0 0 0
- 580 0 0 0 0 0 0 0 0 0
+ 877 522 587 442 659 879 251 500 465 461
- 975 0 0 0 0 0 0 0 0 0
- 755 0 0 0 0 0 0 0 0 0
+ 748 938 561 681 627 161 610 151 584 947
- 497 0 0 0 0 0 0 0 0 0
- 526 0 0 0 0 0 0 0 0 0
- 924 0 0 0 0 0 0 0 0 0
- 428 0 0 0 0 0 0 0 0 0
+ 837 995 578 307 460 859 798 456 673 37
- 140 0 0 0 0 0 0 0 0 0
+ 372 774 329 86 369 987 743 79 677 139
+ 466 757 115 184 439 437 825 950 618 740
- 293 0 0 0 0 0 0 0 0 0
- 514 0 0 0 0 0 0 0 0 0
- 414 0 0 0 0 0 0 0 0 0
+ 961 588 597 928 117 858 115 313 302 916
+ 403 58 418 506 223 876 783 96 751 841
+ 19 745 386 93 954 976 108 0 35 32
- 759 0 0 0 0 0 0 0 0 0
- 768 0 0 0 0 0 0 0 0 0
+ 444 605 482 339 684 727 345 42 873 186
+ 142 546 581 480 74 757 613 735 779 591
- 603 0 0 0 0 0 0 0 0 0
+ 580 542 102 327 990 653 193 136 547 538
- 965 0 0 0 0 0 0 0 0 0
+ 759 888 100 744 674 435 730 773 769 48
+ 524 913 226 39 964 743 556 688 656 333
+ 751 927 888 122 257 648 151 299 468 27
+ 912 298 631 357 699 835 785 839 288 267
+ 418 202 27 192 684 611 184 547 240 682
+ 502 600 227 378 78 336 719 205 496 686
+ 485 17 586 582 746 921 326 732 436 725
- 759 0 0 0 0 0 0 0 0 0
- 959 0 0 0 0 0 0 0 0 0
+ 54 424 869 528 844 700 647 578 126 522
+ 966 838 537 405 944 467 566 532 411 321
+ 467 943 701 106 648 848 956 587 711 897
- 920 0 0 0 0 0 0 0 0 0
- 176 0 0 0 0 0 0 0 0 0
+ 128 602 498 893 143 777 737 21 656 254
+ 639 206 785 185 898 531 524 642 613 629
- 687 0 0 0 0 0 0 0 0 0
+ 577 731 526 302 28 349 486 336 931 960
- 602 0 0 0 0 0 0 0 0 0
- 35 0 0 0 0 0 0 0 0 0
+ 94 790 875 35 396 719 379 873 675 86
+ 711 563 412 504 584 193 800 98 35 313
+ 778 701 401 487 483 829 813 346 222 306
- 661 0 0 0 0 0 0 0 0 0
- 173 0 0 0 0 0 0 0 0 0
+ 221 498 267 766 408 85 134 216 233 538
+ 730 752 954 855 883 727 490 610 976 262
- 634 0 0 0 0 0 0 0 0 0
+ 470 936 652 281 748 435 50 442 729 932
- 702 0 0 0 0 0 0 0 0 0
- 613 0 0 0 0 0 0 0 0 0
+ 452 402 622 565 442 886 961 24 983 268
+ 917 172 13 511 721 883 146 905 516 554
- 1 0 0 0 0 0 0 0 0 0
- 896 0 0 0 0 0 0 0 0 0
+ 254 314 533 591 212 492 662 104 958 32
- 125 0 0 0 0 0 0 0 0 0
+ 353 512 244 969 152 5 222 292 657 956
+ 528 41 459 63 438 314 580 875 71 221
+ 487 293 584 123 502 462 112 375 163 71
+ 989 65 701 853 396 126 443 852 507 26
- 586 0 0 0 0 0 0 0 0 0
- 967 0 0 0 0 0 0 0 0 0
- 691 0 0 0 0 0 0 0 0 0
- 100 0 0 0 0 0 0 0 0 0
+ 559 210 85 762 895 986 345 801 126 451
+ 416 321 301 197 920 767 712 70 730 137
+ 80 299 36 866 859 963 440 710 567 39
+ 168 689 995 627 52 280 487 642 890 775
- 754 0 0 0 0 0 0 0 0 0
- 15 0 0 0 0 0 0 0 0 0
+ 334 106 799 540 939 510 895 908 56 91
+ 959 752 791 467 728 898 456 225 441 505
- 891 0 0 0 0 0 0 0 0 0
+ 684 741 755 126 970 119 382 683 779 304
+ 815 671 584 919 622 795 317 815 416 510
+ 852 481 724 341 522 6 95 928 771 965
+ 370 342 205 802 867 780 496 728 44 842
+ 796 451 149 994 749 248 227 722 768 303
- 650 0 0 0 0 0 0 0 0 0
- 631 0 0 0 0 0 0 0 0 0
- 74 0 0 0 0 0 0 0 0 0
- 293 0 0 0 0 0 0 0 0 0
+ 553 323 841 931 392 452 827 887 820 19
- 110 0 0 0 0 0 0 0 0 0
+ 840 47 868 364 947 254 623 498 291 142
- 19 0 0 0 0 0 0 0 0 0
- 109 0 0 0 0 0 0 0 0 0
+ 926 494 201 403 538 271 258 172 203 225
- 610 0 0 0 0 0 0 0 0 0
- 58 0 0 0 0 0 0 0 0 0
- 801 0 0 0 0 0 0 0 0 0
- 176 0 0 0 0 0 0 0 0 0
+ 401 671 178 210 459 318 478 395 27 775
+ 805 700 39 928 794 545 648 455 267 9
- 352 0 0 0 0 0 0 0 0 0
- 680 0 0 0 0 0 0 0 0 0
+ 2 0 845 966 824 19 78 120 619 311
- 452 0 0 0 0 0 0 0 0 0
+ 237 178 517 302 386 208 962 127 442 470
- 968 0 0 0 0 0 0 0 0 0
+ 129 322 287 10 35 239 480 696 87 894
+ 804 235 535 366 52 561 557 20 346 889
+ 873 281 99 744 323 705 11 1 583 472
- 345 0 0 0 0 0 0 0 0 0
+ 708 56 262 795 324 100 156 749 417 211
- 187 0 0 0 0 0 0 0 0 0
+ 208 438 88 549 806 535 370 253 764 867
- 504 0 0 0 0 0 0 0 0 0
- 361 0 0 0 0 0 0 0 0 0
- 842 0 0 0 0 0 0 0 0 0
+ 551 647 509 0 584 467 195 691 995 69
+ 698 442 265 726 754 302 924 361 605 399
- 43 0 0 0 0 0 0 0 0 0
- 77 0 0 0 0 0 0 0 0 0
- 747 0 0 0 0 0 0 0 0 0
- 214 0 0 0 0 0 0 0 0 0
- 394 0 0 0 0 0 0 0 0 0
- 158 0 0 0 0 0 0 0 0 0
- 47 0 0 0 0 0 0 0 0 0
- 886 0 0 0 0 0 0 0 0 0
- 172 0 0 0 0 0 0 0 0 0
+ 785 619 731 654 652 619 245 862 831 698
- 723 0 0 0 0 0 0 0 0 0
+ 885 738 8 187 236 784 864 703 634 468
- 667 0 0 0 0 0 0 0 0 0
+ 220 764 362 507 32 745 304 257 364 280
+ 821 309 999 370 577 883 617 637 784 848
+ 518 508 985 464 120 65 71 243 648 319
- 983 0 0 0 0 0 0 0 0 0
+ 438 972 577 440 615 538 227 561 509 698
+ 348 777 55 555 675 745 208 749 504 354
+ 712 82 69 766 586 753 305 523 747 948
- 624 0 0 0 0 0 0 0 0 0
- 795 0 0 0 0 0 0 0 0 0
- 726 0 0 0 0 0 0 0 0 0
- 248 0 0 0 0 0 0 0 0 0
+ 830 553 785 314 666 667 801 78 376 363
- 962 0 0 0 0 0 0 0 0 0
+ 803 408 338 512 125 67 181 437 183 856
+ 447 340 377 279 909 468 353 196 972 696
+ 112 597 118 814 669 814 492 844 857 307
- 979 0 0 0 0 0 0 0 0 0
- 14 0 0 0 0 0 0 0 0 0
- 165 0 0 0 0 0 0 0 0 0
+ 555 894 335 406 517 190 548 432 538 665
+ 15 948 201 706 122 991 255 379 44 29
- 872 0 0 0 0 0 0 0 0 0
+ 521 550 281 339 776 422 129 205 793 679
+ 742 124 3 605 476 684 973 234 663 415
+ 246 463 111 717 467 767 425 710 791 948
+ 62 709 573 908 609 523 137 790 781 223
- 777 0 0 0 0 0 0 0 0 0
- 787 0 0 0 0 0 0 0 0 0
- 324 0 0 0 0 0 0 0 0 0
+ 522 432 882 457 811 178 353 925 39 944
- 829 0 0 0 0 0 0 0 0 0
+ 870 121 173 189 767 877 969 638 671 800
+ 817 206 218 103 103 111 76 750 642 925
+ 686 660 262 274 135 976 487 681 426 131
+ 489 716 378 341 155 850 8 996 947 131
+ 567 168 139 67 893 629 30 457 545 501
+ 284 902 740 267 202 376 793 164 573 710
- 175 0 0 0 0 0 0 0 0 0
+ 231 656 421 23 580 865 357 531 221 218
- 150 0 0 0 0 0 0 0 0 0
+ 83 831 947 4 671 349 691 383 66 481
+ 762 276 51 652 73 128 961 619 999 7
- 995 0 0 0 0 0 0 0 0 0
+ 887 566 784 787 507 451 594 254 507 408
- 778 0 0 0 0 0 0 0 0 0
- 542 0 0 0 0 0 0 0 0 0
+ 354 553 291 195 902 351 556 633 471 611
- 760 0 0 0 0 0 0 0 0 0
+ 360 937 798 283 222 150 164 322 752 652
- 583 0 0 0 0 0 0 0 0 0
- 167 0 0 0 0 0 0 0 0 0
+ 774 347 494 923 376 479 327 682 423 10
+ 608 853 950 836 578 725 680 902 981 637
+ 523 890 679 870 503 435 473 787 445 319
- 481 0 0 0 0 0 0 0 0 0
- 31 0 0 0 0 0 0 0 0 0
- 489 0 0 0 0 0 0 0 0 0
+ 641 372 870 243 521 316 880 905 893 293
- 992 0 0 0 0 0 0 0 0 0
+ 563 851 653 33 490 979 638 563 837 286
- 270 0 0 0 0 0 0 0 0 0
+ 863 747 405 736 596 867 473 964 1 586
- 193 0 0 0 0 0 0 0 0 0
- 909 0 0 0 0 0 0 0 0 0
+ 944 240 842 37 336 169 750 263 136 489
+ 362 19 394 940 401 118 669 246 341 921
+ 656 277 827 73 806 840 35 475 776 832
+ 950 659 112 611 977 348 131 591 758 463
- 917 0 0 0 0 0 0 0 0 0
- 314 0 0 0 0 0 0 0 0 0
- 703 0 0 0 0 0 0 0 0 0
+ 306 195 825 559 733 773 516 83 104 683
- 985 0 0 0 0 0 0 0 0 0
- 771 0 0 0 0 0 0 0 0 0
+ 893 302 846 527 510 343 407 475 890 108
- 740 0 0 0 0 0 0 0 0 0
- 654 0 0 0 0 0 0 0 0 0
- 56 0 0 0 0 0 0 0 0 0
+ 456 862 842 128 395 740 486 70 53 568
+ 541 592 181 561 449 469 633 838 646 271
- 205 0 0 0 0 0 0 0 0 0
- 356 0 0 0 0 0 0 0 0 0
- 294 0 0 0 0 0 0 0 0 0
+ 623 311 615 242 695 180 240 548 267 909
- 892 0 0 0 0 0 0 0 0 0
+ 101 159 153 513 295 938 56 308 294 80
+ 244 881 525 500 825 47 598 332 155 668
- 273 0 0 0 0 0 0 0 0 0
- 600 0 0 0 0 0 0 0 0 0
+ 637 934 298 622 83 649 201 138 340 508
+ 929 869 19 763 626 703 297 201 450 863
+ 281 774 348 581 981 877 686 877 75 137
- 708 0 0 0 0 0 0 0 0 0
- 749 0 0 0 0 0 0 0 0 0
- 748 0 0 0 0 0 0 0 0 0
- 949 0 0 0 0 0 0 0 0 0
+ 812 98 309 896 910 77 317 835 872 606
+ 206 326 103 901 132 360 574 677 816 161
+ 123 73 345 686 516 542 582 10 93 597
+ 200 234 274 479 518 239 398 577 746 210
- 236 0 0 0 0 0 0 0 0 0
- 126 0 0 0 0 0 0 0 0 0
+ 288 188 863 634 67 370 708 975 391 875
- 925 0 0 0 0 0 0 0 0 0
+ 825 890 566 627 860 378 402 64 7 821
- 921 0 0 0 0 0 0 0 0 0
- 513 0 0 0 0 0 0 0 0 0
+ 95 707 771 961 288 576 580 858 921 891
+ 291 710 655 258 572 362 301 112 560 779
- 817 0 0 0 0 0 0 0 0 0
- 674 0 0 0 0 0 0 0 0 0
+ 172 294 286 124 423 395 228 350 186 961
+ 245 963 494 151 72 777 463 751 550 57
+ 154 928 80 151 646 680 98 103 70 816
- 201 0 0 0 0 0 0 0 0 0
+ 174 136 534 617 901 535 647 702 947 210
- 320 0 0 0 0 0 0 0 0 0
+ 289 612 385 144 755 538 191 266 522 829
+ 586 333 873 264 520 176 471 835 993 974
+ 143 776 608 170 752 424 94 544 739 490
- 82 0 0 0 0 0 0 0 0 0
+ 682 844 614 245 673 14 703 234 587 46
- 210 0 0 0 0 0 0 0 0 0
- 155 0 0 0 0 0 0 0 0 0
+ 445 458 111 329 873 376 289 976 742 837
+ 640 514 894 1 275 977 589 540 496 209
+ 964 801 325 718 185 727 516 499 169 977
- 422 0 0 0 0 0 0 0 0 0
- 749 0 0 0 0 0 0 0 0 0
+ 90 564 7 656 63 389 242 173 737 204
+ 340 553 15 673 238 504 587 328 294 406
- 698 0 0 0 0 0 0 0 0 0
- 40 0 0 0 0 0 0 0 0 0
- 955 0 0 0 0 0 0 0 0 0
+ 113 480 300 572 910 333 503 514 198 42
+ 786 433 363 613 406 663 520 408 691 559
- 190 0 0 0 0 0 0 0 0 0
- 692 0 0 0 0 0 0 0 0 0
+ 157 850 161 214 387 145 737 441 117 624
- 376 0 0 0 0 0 0 0 0 0
+ 394 935 154 542 391 777 926 920 407 389
- 527 0 0 0 0 0 0 0 0 0
+ 195 28 878 584 843 101 343 524 125 532
+ 476 97 729 216 189 379 972 131 447 997
- 435 0 0 0 0 0 0 0 0 0
+ 958 802 727 657 949 838 125 366 550 459
+ 771 209 823 186 894 110 314 112 337 935
+ 274 598 846 154 90 986 637 497 480 305
- 941 0 0 0 0 0 0 0 0 0
- 237 0 0 0 0 0 0 0 0 0
+ 409 387 684 879 770 396 311 326 848 970
+ 508 748 99 346 172 530 848 952 733 126
+ 218 189 841 4 101 775 188 551 5 960
- 427 0 0 0 0 0 0 0 0 0
- 814 0 0 0 0 0 0 0 0 0
- 421 0 0 0 0 0 0 0 0 0
+ 867 45 265 464 161 441 840 773 804 152
- 693 0 0 0 0 0 0 0 0 0
+ 589 0 404 524 845 354 942 861 633 469
- 578 0 0 0 0 0 0 0 0 0
- 454 0 0 0 0 0 0 0 0 0
- 149 0 0 0 0 0 0 0 0 0
- 921 0 0 0 0 0 0 0 0 0
- 159 0 0 0 0 0 0 0 0 0
- 522 0 0 0 0 0 0 0 0 0
+ 536 83 143 10 440 8 74 948 473 354
+ 433 2 460 711 479 122 431 568 471 227
+ 607 757 884 847 197 986 950 900 691 231
- 952 0 0 0 0 0 0 0 0 0
- 629 0 0 0 0 0 0 0 0 0
+ 765 247 326 999 577 382 560 483 985 14
- 968 0 0 0 0 0 0 0 0 0
+ 410 708 827 137 848 649 6 598 187 540
+ 99 16 760 895 303 790 652 274 509 95
- 930 0 0 0 0 0 0 0 0 0
- 453 0 0 0 0 0 0 0 0 0
- 765 0 0 0 0 0 0 0 0 0
+ 910 80 363 103 893 560 282 730 299 765
- 469 0 0 0 0 0 0 0 0 0
+ 569 201 850 131 546 222 410 266 154 415
+ 530 502 293 730 989 570 242 627 658 595
+ 232 980 731 982 980 933 293 257 424 720
+ 540 41 166 346 970 98 137 850 755 335
- 496 0 0 0 0 0 0 0 0 0
- 128 0 0 0 0 0 0 0 0 0
+ 9 766 520 75 787 279 952 355 545 614
+ 497 556 848 204 624 468 673 71 970 595
+ 92 272 126 372 160 117 882 849 610 82
- 686 0 0 0 0 0 0 0 0 0
- 50 0 0 0 0 0 0 0 0 0
- 497 0 0 0 0 0 0 0 0 0
- 844 0 0 0 0 0 0 0 0 0
- 590 0 0 0 0 0 0 0 0 0
+ 529 212 890 200 335 41 388 813 215 980
- 520 0 0 0 0 0 0 0 0 0
+ 386 618 620 236 454 356 782 344 44 298
+ 148 577 477 519 848 241 838 363 345 640
- 479 0 0 0 0 0 0 0 0 0
- 398 0 0 0 0 0 0 0 0 0
+ 269 850 953 742 113 249 268 46 875 315
+ 257 607 101 882 240 117 756 902 801 290
- 450 0 0 0 0 0 0 0 0 0
- 380 0 0 0 0 0 0 0 0 0
- 690 0 0 0 0 0 0 0 0 0
+ 71 697 562 659 271 921 764 432 833 980
+ 790 440 833 520 136 39 40 937 598 580
- 827 0 0 0 0 0 0 0 0 0
- 741 0 0 0 0 0 0 0 0 0
+ 575 786 715 289 802 345 37 398 802 362
- 856 0 0 0 0 0 0 0 0 0
+ 860 684 631 555 184 715 962 278 484 50
+ 375 342 593 666 806 791 37 57 592 262
- 621 0 0 0 0 0 0 0 0 0
+ 853 585 88 990 321 500 147 238 112 458
+ 344 392 332 797 900 209 823 840 342 24
+ 402 642 389 706 676 406 157 523 416 103
- 959 0 0 0 0 0 0 0 0 0
- 602 0 0 0 0 0 0 0 0 0
+ 449 189 199 599 245 671 407 267 945 932
- 726 0 0 0 0 0 0 0 0 0
- 692 0 0 0 0 0 0 0 0 0
- 385 0 0 0 0 0 0 0 0 0
+ 198 340 944 148 171 435 733 257 639 247
- 252 0 0 0 0 0 0 0 0 0
- 545 0 0 0 0 0 0 0 0 0
+ 39 899 961 495 311 786 217 515 796 581
+ 415 197 487 355 507 687 498 597 155 815
+ 902 196 458 618 197 253 830 787 509 138
+ 886 496 147 781 741 210 374 387 523 508
- 751 0 0 0 0 0 0 0 0 0
- 668 0 0 0 0 0 0 0 0 0
+ 633 188 993 550 458 204 964 85 268 973
+ 808 114 7 881 542 648 247 401 791 49
- 419 0 0 0 0 0 0 0 0 0
- 586 0 0 0 0 0 0 0 0 0
- 332 0 0 0 0 0 0 0 0 0
+ 265 441 205 862 846 439 246 235 708 87
- 163 0 0 0 0 0 0 0 0 0
+ 858 613 694 910 403 460 828 708 491 0
+ 652 258 427 673 304 611 826 946 401 74
+ 602 216 574 915 583 840 684 398 546 588
- 802 0 0 0 0 0 0 0 0 0
- 702 0 0 0 0 0 0 0 0 0
+ 956 984 84 468 521 345 452 600 31 824
+ 149 462 422 678 890 479 636 315 404 820
+ 535 535 298 73 439 838 464 296 333 464
- 45 0 0 0 0 0 0 0 0 0
+ 160 887 516 341 664 285 848 78 426 525
- 228 0 0 0 0 0 0 0 0 0
+ 532 75 961 570 878 391 787 538 722 724
- 608 0 0 0 0 0 0 0 0 0
+ 700 220 255 983 514 43 599 162 909 90
- 68 0 0 0 0 0 0 0 0 0
- 952 0 0 0 0 0 0 0 0 0
+ 404 798 194 700 628 670 712 871 583 836
+ 676 16 854 1000 416 167 208 736 624 178
- 553 0 0 0 0 0 0 0 0 0
- 829 0 0 0 0 0 0 0 0 0
- 843 0 0 0 0 0 0 0 0 0
- 88 0 0 0 0 0 0 0 0 0
+ 17 584 611 200 279 853 615 393 71 888
+ 391 228 990 819 948 779 10 754 687 206
- 988 0 0 0 0 0 0 0 0 0
- 15 0 0 0 0 0 0 0 0 0
- 671 0 0 0 0 0 0 0 0 0
+ 987 608 412 162 754 222 983 955 311 515
+ 29 462 580 794 557 452 753 240 159 399
- 687 0 0 0 0 0 0 0 0 0
+ 908 734 498 182 490 343 178 108 651 700
- 687 0 0 0 0 0 0 0 0 0
+ 629 505 177 423 426 81 209 364 262 232
- 498 0 0 0 0 0 0 0 0 0
- 362 0 0 0 0 0 0 0 0 0
- 119 0 0 0 0 0 0 0 0 0
- 212 0 0 0 0 0 0 0 0 0
+ 285 1000 899 91 777 476 289 27 751 396
+ 367 130 583 775 820 986 140 675 543 157
- 263 0 0 0 0 0 0 0 0 0
+ 501 210 813 225 567 547 148 328 18 116
- 117 0 0 0 0 0 0 0 0 0
- 897 0 0 0 0 0 0 0 0 0
+ 216 238 502 223 981 418 898 327 203 827
- 596 0 0 0 0 0 0 0 0 0
+ 727 787 870 701 925 636 992 970 283 911
+ 993 181 446 556 169 33 144 682 319 292
- 152 0 0 0 0 0 0 0 0 0
+ 37 331 947 715 411 106 408 578 652 205
- 160 0 0 0 0 0 0 0 0 0
+ 393 559 570 802 449 538 53 872 269 938
- 175 0 0 0 0 0 0 0 0 0
+ 163 159 508 608 82 570 528 968 859 849
- 411 0 0 0 0 0 0 0 0 0
+ 756 885 362 958 929 109 505 663 836 564
- 146 0 0 0 0 0 0 0 0 0
- 574 0 0 0 0 0 0 0 0 0
- 744 0 0 0 0 0 0 0 0 0
+ 108 307 943 531 683 815 119 879 756 676
+ 787 963 395 657 633 435 12 244 115 54
+ 884 45 847 626 750 234 300 306 449 977
+ 162 227 726 665 841 627 970 112 947 46
- 320 0 0 0 0 0 0 0 0 0
+ 985 356 877 259 810 688 365 711 136 406
+ 223 117 513 12 293 685 775 248 332 737
+ 378 771 55 855 537 591 123 235 70 306
- 197 0 0 0 0 0 0 0 0 0
+ 81 653 368 959 41 362 441 669 518 115
- 201 0 0 0 0 0 0 0 0 0
- 63 0 0 0 0 0 0 0 0 0
- 242 0 0 0 0 0 0 0 0 0
+ 666 339 34 299 474 472 500 443 698 870
+ 78 198 271 401 333 227 780 282 366 583
+ 178 97 666 327 357 438 421 162 188 800
+ 5 235 815 954 159 97 893 615 336 611
- 516 0 0 0 0 0 0 0 0 0
+ 77 901 411 84 661 414 333 470 448 906
- 623 0 0 0 0 0 0 0 0 0
+ 826 353 269 806 197 214 573 238 83 478
- 809 0 0 0 0 0 0 0 0 0
+ 366 741 237 195 921 923 891 975 809 61
+ 86 110 501 530 764 787 663 173 34 859
+ 612 789 260 623 392 122 397 805 204 995
+ 618 458 368 803 678 62 764 180 638 965
- 431 0 0 0 0 0 0 0 0 0
+ 691 982 429 560 484 334 97 875 350 554
- 395 0 0 0 0 0 0 0 0 0
+ 282 962 262 734 52 634 22 808 566 833
+ 389 667 734 816 718 493 110 696 469 607
+ 210 843 552 184 73 605 435 80 535 623
+ 459 966 788 336 621 125 286 555 794 558
- 43 0 0 0 0 0 0 0 0 0
- 415 0 0 0 0 0 0 0 0 0
+ 793 915 541 882 981 652 885 512 90 413
- 467 0 0 0 0 0 0 0 0 0
+ 583 711 183 902 986 705 119 43 466 617
+ 890 397 285 452 183 462 300 878 974 486
- 53 0 0 0 0 0 0 0 0 0
- 712 0 0 0 0 0 0 0 0 0
- 736 0 0 0 0 0 0 0 0 0
- 920 0 0 0 0 0 0 0 0 0
+ 478 622 833 881 539 756 800 712 83 433
+ 800 178 823 355 128 722 292 131 267 558
+ 842 245 236 838 940 109 567 382 756 233
- 877 0 0 0 0 0 0 0 0 0
+ 962 711 176 878 981 276 339 160 34 648
+ 822 633 429 887 452 693 407 726 581 433
- 417 0 0 0 0 0 0 0 0 0
- 208 0 0 0 0 0 0 0 0 0
- 904 0 0 0 0 0 0 0 0 0
- 719 0 0 0 0 0 0 0 0 0
- 62 0 0 0 0 0 0 0 0 0
- 318 0 0 0 0 0 0 0 0 0
+ 268 198 448 588 790 899 81 441 377 146
- 583 0 0 0 0 0 0 0 0 0
+ 878 151 513 541 809 989 441 56 158 218
- 277 0 0 0 0 0 0 0 0 0
- 491 0 0 0 0 0 0 0 0 0
+ 857 318 31 636 164 344 637 572 766 665
- 469 0 0 0 0 0 0 0 0 0
- 556 0 0 0 0 0 0 0 0 0
+ 928 796 594 84 89 37 577 839 63 292
- 11 0 0 0 0 0 0 0 0 0
+ 27 798 879 692 227 387 166 903 810 942
+ 918 319 218 215 146 123 871 620 513 324
+ 924 405 184 962 509 545 390 46 712 473
+ 998 910 980 261 93 257 611 833 551 877
+ 399 247 281 451 664 691 820 947 269 304
+ 330 607 315 504 641 992 21 360 494 79
- 297 0 0 0 0 0 0 0 0 0
- 147 0 0 0 0 0 0 0 0 0
+ 217 252 669 344 975 186 23 701 977 478
+ 889 604 300 309 851 867 510 581 318 577
+ 140 494 305 5 802 665 226 379 179 397
+ 892 152 242 390 977 682 451 845 732 49
+ 872 115 333 543 1000 986 821 934 87 747
- 59 0 0 0 0 0 0 0 0 0
- 785 0 0 0 0 0 0 0 0 0
- 438 0 0 0 0 0 0 0 0 0
- 516 0 0 0 0 0 0 0 0 0
+ 937 303 609 858 101 346 68 511 54 789
+ 82 570 791 929 361 106 1 81 976 191
+ 578 131 162 211 279 411 190 94 664 789
+ 483 933 533 162 60 105 182 755 343 522
- 709 0 0 0 0 0 0 0 0 0
+ 446 428 86 740 995 124 381 129 487 761
+ 654 484 816 295 870 223 417 528 384 384
+ 60 102 871 904 483 739 794 92 797 825
+ 111 957 956 499 296 592 567 221 895 721
+ 188 871 163 529 715 132 921 974 440 455
+ 429 460 670 779 823 59 581 732 657 143
+ 290 79 631 663 475 708 114 817 935 817
- 626 0 0 0 0 0 0 0 0 0
- 88 0 0 0 0 0 0 0 0 0
- 518 0 0 0 0 0 0 0 0 0
- 349 0 0 0 0 0 0 0 0 0
+ 442 663 50 182 630 397 187 54 58 34
+ 264 34 107 98 563 508 955 271 530 788
- 885 0 0 0 0 0 0 0 0 0
- 147 0 0 0 0 0 0 0 0 0
- 76 0 0 0 0 0 0 0 0 0
- 239 0 0 0 0 0 0 0 0 0
- 602 0 0 0 0 0 0 0 0 0
- 582 0 0 0 0 0 0 0 0 0
- 945 0 0 0 0 0 0 0 0 0
- 467 0 0 0 0 0 0 0 0 0
- 919 0 0 0 0 0 0 0 0 0
+ 338 979 992 862 590 444 118 807 905 862
- 936 0 0 0 0 0 0 0 0 0
+ 975 142 152 968 658 196 874 356 488 848
+ 948 243 615 521 381 258 672 38 413 906
+ 862 692 14 368 291 318 510 385 852 2
+ 21 7 573 440 557 837 579 161 761 340
- 360 0 0 0 0 0 0 0 0 0
+ 153 447 823 65 650 810 201 633 390 331
+ 945 691 618 816 313 165 657 333 401 564
+ 406 504 987 62 224 493 77 534 135 890
- 329 0 0 0 0 0 0 0 0 0
+ 486 188 703 338 632 393 165 33 878 245
+ 642 923 1 958 593 138 719 989 308 167
+ 98 424 594 770 740 254 100 111 731 341
- 835 0 0 0 0 0 0 0 0 0
- 550 0 0 0 0 0 0 0 0 0
- 527 0 0 0 0 0 0 0 0 0
- 598 0 0 0 0 0 0 0 0 0
+ 155 57 427 159 175 618 460 239 41 444
- 832 0 0 0 0 0 0 0 0 0
+ 471 214 629 881 2 865 975 425 936 829
- 10 0 0 0 0 0 0 0 0 0
- 719 0 0 0 0 0 0 0 0 0
- 893 0 0 0 0 0 0 0 0 0
- 924 0 0 0 0 0 0 0 0 0
- 631 0 0 0 0 0 0 0 0 0
+ 839 162 757 209 370 59 516 373 318 184
- 410 0 0 0 0 0 0 0 0 0
+ 554 744 4 877 957 376 460 58 413 363
- 269 0 0 0 0 0 0 0 0 0
+ 308 383 171 659 117 793 515 996 337 128
+ 11 957 575 247 599 817 150 991 293 158
+ 10 580 418 393 67 15 584 230 206 784
+ 329 483 238 137 476 962 231 772 815 212
- 452 0 0 0 0 0 0 0 0 0
- 976 0 0 0 0 0 0 0 0 0
+ 307 779 914 852 261 245 12 365 346 234
+ 819 79 182 106 863 182 464 840 565 227
+ 437 956 916 867 163 537 293 980 747 286
+ 750 392 903 159 521 55 354 487 237 87
+ 505 661 799 163 916 716 457 186 251 265
- 236 0 0 0 0 0 0 0 0 0
- 153 0 0 0 0 0 0 0 0 0
- 795 0 0 0 0 0 0 0 0 0
- 971 0 0 0 0 0 0 0 0 0
- 324 0 0 0 0 0 0 0 0 0
- 15 0 0 0 0 0 0 0 0 0
+ 3 717 961 21 248 208 976 500 164 514
+ 365 105 3 511 461 312 775 188 954 212
- 190 0 0 0 0 0 0 0 0 0
+ 299 400 832 581 298 58 853 406 115 354
- 431 0 0 0 0 0 0 0 0 0
- 740 0 0 0 0 0 0 0 0 0
- 643 0 0 0 0 0 0 0 0 0
+ 335 424 817 787 904 625 510 450 294 795
+ 309 618 605 279 181 670 829 832 900 479
+ 278 356 584 701 493 484 344 368 486 729
- 406 0 0 0 0 0 0 0 0 0
+ 841 56 619 359 756 289 751 606 928 468
+ 764 216 533 342 964 88 85 978 339 631
- 898 0 0 0 0 0 0 0 0 0
- 536 0 0 0 0 0 0 0 0 0
+ 441 602 315 403 399 342 9 50 385 174
+ 194 3 195 688 528 626 738 46 774 62
+ 136 564 69 979 586 927 829 468 300 63
+ 79 653 966 880 710 849 609 526 283 204
- 138 0 0 0 0 0 0 0 0 0
+ 374 132 821 580 504 457 866 205 880 268
+ 114 738 615 835 21 124 597 133 944 578
- 244 0 0 0 0 0 0 0 0 0
- 937 0 0 0 0 0 0 0 0 0
+ 134 726 829 543 238 548 58 45 446 665
+ 342 196 797 654 63 1000 861 737 853 896
- 200 0 0 0 0 0 0 0 0 0
- 251 0 0 0 0 0 0 0 0 0
- 412 0 0 0 0 0 0 0 0 0
+ 927 818 53 816 194 577 746 118 20 202
+ 649 818 486 772 447 440 967 432 158 354
- 288 0 0 0 0 0 0 0 0 0
+ 251 507 166 990 992 864 654 378 64 343
- 933 0 0 0 0 0 0 0 0 0
- 498 0 0 0 0 0 0 0 0 0
- 320 0 0 0 0 0 0 0 0 0
- 184 0 0 0 0 0 0 0 0 0
- 77 0 0 0 0 0 0 0 0 0
- 793 0 0 0 0 0 0 0 0 0
- 111 0 0 0 0 0 0 0 0 0
+ 986 506 137 358 203 381 4 515 173 842
- 414 0 0 0 0 0 0 0 0 0
- 558 0 0 0 0 0 0 0 0 0
+ 969 898 176 742 712 365 906 63 519 326
+ 626 579 151 398 59 752 225 758 639 186
+ 965 872 971 75 597 917 754 215 788 564
- 166 0 0 0 0 0 0 0 0 0
- 754 0 0 0 0 0 0 0 0 0
- 630 0 0 0 0 0 0 0 0 0
- 877 0 0 0 0 0 0 0 0 0
+ 814 100 1000 879 876 867 556 520 203 852
+ 753 137 280 131 532 828 382 654 424 809
+ 57 753 279 268 44 811 194 843 231 641
- 23 0 0 0 0 0 0 0 0 0
+ 533 88 825 271 989 521 703 201 114 965
+ 493 214 898 814 20 246 463 922 837 235
- 130 0 0 0 0 0 0 0 0 0
+ 690 961 47 190 727 960 872 310 167 633
+ 776 739 73 596 774 416 264 50 16 498
+ 275 554 490 237 538 262 294 125 71 244
+ 106 719 65 245 713 491 30 416 358 596
- 817 0 0 0 0 0 0 0 0 0
- 574 0 0 0 0 0 0 0 0 0
- 111 0 0 0 0 0 0 0 0 0
+ 738 837 998 68 114 771 891 475 439 433
- 174 0 0 0 0 0 0 0 0 0
- 829 0 0 0 0 0 0 0 0 0
- 185 0 0 0 0 0 0 0 0 0
+ 611 562 201 918 780 606 139 441 324 634
- 652 0 0 0 0 0 0 0 0 0
- 592 0 0 0 0 0 0 0 0 0
+ 582 133 993 619 429 750 260 948 713 566
- 712 0 0 0 0 0 0 0 0 0
- 105 0 0 0 0 0 0 0 0 0
+ 469 60 885 562 64 519 400 849 909 663
- 248 0 0 0 0 0 0 0 0 0
- 851 0 0 0 0 0 0 0 0 0
+ 547 76 730 822 26 743 518 321 885 498
- 819 0 0 0 0 0 0 0 0 0
+ 620 128 895 99 884 457 374 749 992 413
+ 424 679 974 723 439 208 57 853 917 224
- 470 0 0 0 0 0 0 0 0 0
- 836 0 0 0 0 0 0 0 0 0
- 235 0 0 0 0 0 0 0 0 0
+ 906 525 314 759 791 669 640 500 959 94
+ 120 908 596 27 396 114 828 654 914 722
+ 511 446 274 335 55 295 558 565 853 165
- 592 0 0 0 0 0 0 0 0 0
+ 59 174 491 430 763 725 804 842 704 972
- 328 0 0 0 0 0 0 0 0 0
- 196 0 0 0 0 0 0 0 0 0
- 585 0 0 0 0 0 0 0 0 0
+ 934 729 234 838 955 612 13 986 156 64
- 97 0 0 0 0 0 0 0 0 0
+ 913 515 179 493 583 967 397 305 367 109
+ 28 439 517 192 114 443 528 512 67 15
- 671 0 0 0 0 0 0 0 0 0
+ 165 222 635 858 850 756 938 293 350 986
- 420 0 0 0 0 0 0 0 0 0
+ 955 437 587 790 862 312 873 491 305 846
+ 600 754 691 680 69 436 101 517 249 393
+ 833 539 789 72 640 442 239 350 170 266
+ 408 649 602 149 103 797 980 111 487 521
- 428 0 0 0 0 0 0 0 0 0
- 188 0 0 0 0 0 0 0 0 0
- 411 0 0 0 0 0 0 0 0 0
- 344 0 0 0 0 0 0 0 0 0
+ 30 990 619 996 721 595 396 542 251 151
+ 701 257 335 128 44 838 420 189 697 909
- 93 0 0 0 0 0 0 0 0 0
- 767 0 0 0 0 0 0 0 0 0
- 450 0 0 0 0 0 0 0 0 0
+ 93 530 958 723 422 144 878 724 215 579
- 819 0 0 0 0 0 0 0 0 0
+ 979 651 175 859 499 909 753 595 184 117
+ 953 38 924 195 772 662 847 651 480 964
- 992 0 0 0 0 0 0 0 0 0
- 713 0 0 0 0 0 0 0 0 0
- 175 0 0 0 0 0 0 0 0 0
- 292 0 0 0 0 0 0 0 0 0
- 145 0 0 0 0 0 0 0 0 0
- 290 0 0 0 0 0 0 0 0 0
- 349 0 0 0 0 0 0 0 0 0
+ 127 255 694 778 823 380 107 725 912 662
+ 100 104 514 944 491 19 488 233 351 429
- 119 0 0 0 0 0 0 0 0 0
+ 475 0 103 94 480 448 785 285 526 329
+ 158 47 473 797 263 96 117 977 312 959
+ 907 285 761 928 502 10 284 440 629 442
+ 465 77 862 306 771 478 613 554 18 64
- 848 0 0 0 0 0 0 0 0 0
+ 845 832 926 549 472 147 845 690 905 536
+ 20 218 753 792 931 230 183 382 560 998
- 339 0 0 0 0 0 0 0 0 0
- 826 0 0 0 0 0 0 0 0 0
+ 219 285 15 833 521 335 472 723 278 689
+ 32 358 569 527 531 155 363 516 377 703
- 502 0 0 0 0 0 0 0 0 0
- 498 0 0 0 0 0 0 0 0 0
+ 349 433 17 48 659 206 8 416 359 788
+ 215 199 2 538 313 302 183 909 534 713
+ 644 468 124 383 303 985 387 589 798 976
+ 609 502 37 37 336 577 764 732 6 221
+ 992 290 70 951 162 788 217 783 89 903
- 966 0 0 0 0 0 0 0 0 0
+ 632 211 361 264 931 427 156 840 411 919
+ 36 417 167 742 417 640 567 468 482 70
+ 480 484 11 827 336 996 557 990 407 865
+ 829 281 909 112 580 19 143 96 977 996
- 734 0 0 0 0 0 0 0 0 0
- 308 0 0 0 0 0 0 0 0 0
+ 506 912 29 399 340 187 145 161 772 817
- 337 0 0 0 0 0 0 0 0 0
+ 931 572 828 98 291 235 642 582 569 879
+ 88 366 796 477 480 827 350 264 75 163
- 594 0 0 0 0 0 0 0 0 0
+ 874 557 523 322 734 107 629 951 862 897
- 434 0 0 0 0 0 0 0 0 0
+ 942 456 722 106 466 260 503 417 714 421
- 198 0 0 0 0 0 0 0 0 0
+ 170 584 561 874 482 255 110 131 432 510
- 238 0 0 0 0 0 0 0 0 0
+ 12 237 294 25 426 782 434 427 753 906
- 424 0 0 0 0 0 0 0 0 0
- 210 0 0 0 0 0 0 0 0 0
- 836 0 0 0 0 0 0 0 0 0
+ 414 681 567 215 851 678 435 723 1 459
- 770 0 0 0 0 0 0 0 0 0
- 522 0 0 0 0 0 0 0 0 0
- 526 0 0 0 0 0 0 0 0 0
- 372 0 0 0 0 0 0 0 0 0
- 362 0 0 0 0 0 0 0 0 0
+ 905 68 295 307 906 821 720 162 734 767
- 167 0 0 0 0 0 0 0 0 0
+ 655 362 567 992 663 524 980 710 420 767
+ 869 698 793 290 123 306 543 300 115 422
+ 233 626 698 927 331 347 416 37 106 776
- 67 0 0 0 0 0 0 0 0 0
- 518 0 0 0 0 0 0 0 0 0
+ 413 545 688 505 415 200 617 99 928 63
- 508 0 0 0 0 0 0 0 0 0
+ 13 237 147 110 570 983 401 769 327 901
- 79 0 0 0 0 0 0 0 0 0
- 682 0 0 0 0 0 0 0 0 0
- 862 0 0 0 0 0 0 0 0 0
+ 458 947 155 546 237 486 216 347 963 188
- 264 0 0 0 0 0 0 0 0 0
+ 781 154 821 126 207 106 843 643 699 247
- 936 0 0 0 0 0 0 0 0 0
- 95 0 0 0 0 0 0 0 0 0
- 4 0 0 0 0 0 0 0 0 0
+ 248 447 221 767 712 913 766 855 512 621
- 794 0 0 0 0 0 0 0 0 0
- 226 0 0 0 0 0 0 0 0 0
+ 746 642 432 419 732 688 884 366 751 696
+ 373 365 841 704 888 506 102 497 956 722
+ 882 278 903 629 656 114 437 697 573 174
- 63 0 0 0 0 0 0 0 0 0
+ 65 713 430 394 401 920 921 418 937 988
- 458 0 0 0 0 0 0 0 0 0
- 906 0 0 0 0 0 0 0 0 0
- 914 0 0 0 0 0 0 0 0 0
- 149 0 0 0 0 0 0 0 0 0
- 365 0 0 0 0 0 0 0 0 0
- 516 0 0 0 0 0 0 0 0 0
- 471 0 0 0 0 0 0 0 0 0
- 776 0 0 0 0 0 0 0 0 0
+ 382 156 457 801 247 77 909 802 811 455
+ 915 53 771 908 840 335 539 792 962 814
- 776 0 0 0 0 0 0 0 0 0
- 431 0 0 0 0 0 0 0 0 0
+ 453 985 323 904 651 21 751 555 998 280
- 727 0 0 0 0 0 0 0 0 0
- 736 0 0 0 0 0 0 0 0 0
- 567 0 0 0 0 0 0 0 0 0
- 256 0 0 0 0 0 0 0 0 0
+ 175 918 862 586 226 252 152 57 471 60
- 669 0 0 0 0 0 0 0 0 0
+ 229 971 829 756 468 303 122 709 728 762
+ 76 114 10 144 637 74 344 957 529 4
+ 355 239 311 756 45 312 608 683 290 903
- 946 0 0 0 0 0 0 0 0 0
+ 596 865 621 431 251 758 593 22 30 45
+ 668 214 374 688 304 530 79 189 908 115
- 791 0 0 0 0 0 0 0 0 0
+ 613 952 522 274 919 223 667 946 44 289
- 937 0 0 0 0 0 0 0 0 0
- 346 0 0 0 0 0 0 0 0 0
- 245 0 0 0 0 0 0 0 0 0
+ 359 175 394 586 921 382 476 623 777 320
- 423 0 0 0 0 0 0 0 0 0
+ 562 382 613 525 901 838 808 744 300 371
+ 520 186 52 42 331 691 689 859 556 632
+ 754 960 743 172 553 104 224 751 101 956
- 261 0 0 0 0 0 0 0 0 0
- 532 0 0 0 0 0 0 0 0 0
- 917 0 0 0 0 0 0 0 0 0
- 659 0 0 0 0 0 0 0 0 0
+ 105 865 669 661 527 831 417 661 437 773
+ 147 574 309 659 300 535 571 902 319 866
+ 678 625 593 443 558 888 640 787 391 67
- 550 0 0 0 0 0 0 0 0 0
- 775 0 0 0 0 0 0 0 0 0
- 279 0 0 0 0 0 0 0 0 0
- 475 0 0 0 0 0 0 0 0 0
+ 900 733 767 372 933 258 585 38 966 141
+ 725 348 635 255 833 820 19 968 761 455
- 332 0 0 0 0 0 0 0 0 0
+ 855 572 684 852 677 692 983 652 772 978
- 969 0 0 0 0 0 0 0 0 0
+ 328 318 810 514 740 71 701 252 842 217
+ 807 284 985 53 162 468 99 939 565 699
- 30 0 0 0 0 0 0 0 0 0
+ 973 517 815 272 550 419 8 965 30 404
- 656 0 0 0 0 0 0 0 0 0
- 745 0 0 0 0 0 0 0 0 0
- 329 0 0 0 0 0 0 0 0 0
- 745 0 0 0 0 0 0 0 0 0
- 549 0 0 0 0 0 0 0 0 0
+ 323 886 721 600 191 161 982 459 937 22
- 844 0 0 0 0 0 0 0 0 0
+ 0 807 352 783 401 702 66 831 463 815
+ 930 233 774 378 806 952 53 589 404 873
- 710 0 0 0 0 0 0 0 0 0
+ 525 664 716 227 586 382 205 109 685 137
+ 645 277 102 648 50 54 348 707 203 470
+ 745 360 621 212 277 91 906 204 733 24
+ 516 327 756 907 687 359 837 695 253 62
+ 741 248 209 116 169 95 755 792 870 870
- 704 0 0 0 0 0 0 0 0 0
- 965 0 0 0 0 0 0 0 0 0
- 964 0 0 0 0 0 0 0 0 0
- 839 0 0 0 0 0 0 0 0 0
- 911 0 0 0 0 0 0 0 0 0
+ 455 639 727 262 876 170 988 800 299 79
- 600 0 0 0 0 0 0 0 0 0
+ 312 712 257 99 836 19 305 257 360 532
+ 939 972 478 401 776 910 769 925 322 312
- 832 0 0 0 0 0 0 0 0 0
- 555 0 0 0 0 0 0 0 0 0
- 863 0 0 0 0 0 0 0 0 0
+ 241 826 12 680 477 562 412 579 464 874
- 577 0 0 0 0 0 0 0 0 0
- 724 0 0 0 0 0 0 0 0 0
- 574 0 0 0 0 0 0 0 0 0
- 896 0 0 0 0 0 0 0 0 0
- 814 0 0 0 0 0 0 0 0 0
+ 482 184 766 555 109 384 338 313 334 737
- 559 0 0 0 0 0 0 0 0 0
+ 435 822 484 397 400 56 607 117 259 102
+ 571 294 766 246 99 168 565 540 912 33
- 179 0 0 0 0 0 0 0 0 0
+ 844 974 551 807 57 952 225 630 803 880
+ 999 502 427 782 548 451 688 870 393 431
- 72 0 0 0 0 0 0 0 0 0
- 750 0 0 0 0 0 0 0 0 0
+ 947 156 315 116 862 281 209 778 217 191
- 261 0 0 0 0 0 0 0 0 0
- 107 0 0 0 0 0 0 0 0 0
+ 63 509 558 90 454 69 43 829 926 362
+ 325 964 729 20 743 473 948 336 345 7
- 799 0 0 0 0 0 0 0 0 0
+ 699 757 399 197 95 781 104 826 528 679
- 437 0 0 0 0 0 0 0 0 0
- 503 0 0 0 0 0 0 0 0 0
+ 861 94 259 974 694 220 683 348 785 144
- 12 0 0 0 0 0 0 0 0 0
+ 249 488 920 806 646 178 358 735 152 248
- 339 0 0 0 0 0 0 0 0 0
- 910 0 0 0 0 0 0 0 0 0
- 90 0 0 0 0 0 0 0 0 0
- 93 0 0 0 0 0 0 0 0 0
- 400 0 0 0 0 0 0 0 0 0
+ 946 81 208 766 597 486 494 353 215 787
- 709 0 0 0 0 0 0 0 0 0
+ 548 854 389 491 920 508 896 48 85 652
+ 823 560 521 227 463 744 810 161 405 863
+ 512 234 948 273 842 536 60 444 166 537
- 707 0 0 0 0 0 0 0 0 0
+ 919 180 195 844 905 922 843 560 804 10
+ 84 656 629 604 298 755 167 392 853 3
+ 132 232 968 43 474 13 119 122 821 659
+ 673 460 118 220 795 53 625 922 173 988
+ 983 611 802 640 112 517 226 108 854 281
- 857 0 0 0 0 0 0 0 0 0
- 362 0 0 0 0 0 0 0 0 0
+ 311 155 323 750 86 380 293 94 865 34
+ 26 276 191 781 473 33 882 247 342 474
+ 581 887 156 409 286 860 389 124 166 138
+ 859 13 393 593 747 414 902 583 208 763
- 429 0 0 0 0 0 0 0 0 0
- 575 0 0 0 0 0 0 0 0 0
- 312 0 0 0 0 0 0 0 0 0
+ 180 424 599 630 966 308 925 887 394 929
- 429 0 0 0 0 0 0 0 0 0
- 959 0 0 0 0 0 0 0 0 0
+ 624 819 306 239 128 133 820 347 447 785
- 699 0 0 0 0 0 0 0 0 0
+ 914 359 595 520 112 921 66 937 190 695
+ 556 861 533 765 122 561 340 374 64 230
- 982 0 0 0 0 0 0 0 0 0
+ 500 838 739 313 437 681 951 259 558 767
+ 650 323 733 973 72 292 311 616 305 714
+ 196 951 64 865 944 226 134 71 134 740
- 70 0 0 0 0 0 0 0 0 0
+ 126 104 584 263 825 942 737 30 349 831
+ 421 445 68 481 703 234 630 285 677 104
- 223 0 0 0 0 0 0 0 0 0
+ 515 702 275 149 758 256 187 32 549 364
- 754 0 0 0 0 0 0 0 0 0
+ 909 808 52 326 819 678 77 504 435 834
+ 898 102 87 711 622 497 283 222 382 101
- 276 0 0 0 0 0 0 0 0 0
- 365 0 0 0 0 0 0 0 0 0
+ 606 842 74 173 962 889 475 218 717 514
- 418 0 0 0 0 0 0 0 0 0
+ 43 999 721 597 358 819 889 590 719 233
- 485 0 0 0 0 0 0 0 0 0
+ 740 914 147 222 729 312 348 362 853 509
- 640 0 0 0 0 0 0 0 0 0
+ 788 822 899 830 841 30 553 204 189 992
- 97 0 0 0 0 0 0 0 0 0
+ 395 171 937 767 506 503 904 756 10 574
- 12 0 0 0 0 0 0 0 0 0
- 995 0 0 0 0 0 0 0 0 0
+ 977 220 129 476 358 223 885 102 70 927
- 3 0 0 0 0 0 0 0 0 0
+ 671 241 254 139 378 469 847 990 524 887
- 131 0 0 0 0 0 0 0 0 0
- 730 0 0 0 0 0 0 0 0 0
+ 31 312 801 591 311 536 921 331 847 401
- 450 0 0 0 0 0 0 0 0 0
- 478 0 0 0 0 0 0 0 0 0
- 500 0 0 0 0 0 0 0 0 0
- 834 0 0 0 0 0 0 0 0 0
- 610 0 0 0 0 0 0 0 0 0
+ 474 109 455 142 263 307 568 749 430 730
+ 773 663 668 45 821 552 776 26 772 605
+ 545 730 696 240 922 204 386 501 185 363
- 702 0 0 0 0 0 0 0 0 0
+ 267 307 279 848 108 733 732 622 590 365
+ 491 337 709 555 905 530 596 561 389 957
+ 40 788 639 566 281 361 782 214 525 500
+ 171 320 765 507 698 579 411 273 566 127
+ 677 848 161 621 846 865 549 144 301 95
+ 850 21 698 736 985 105 773 171 938 202
+ 341 563 959 850 808 858 61 832 918 682
+ 663 54 18 94 945 286 244 907 723 256
- 717 0 0 0 0 0 0 0 0 0
+ 283 692 122 443 780 903 266 803 940 612
- 519 0 0 0 0 0 0 0 0 0
- 968 0 0 0 0 0 0 0 0 0
+ 52 800 824 567 733 150 804 226 528 204
- 438 0 0 0 0 0 0 0 0 0
+ 496 819 579 311 468 821 924 995 464 52
+ 683 253 187 971 398 478 502 556 961 45
+ 16 376 792 172 784 686 575 156 477 882
- 646 0 0 0 0 0 0 0 0 0
+ 585 571 833 858 398 656 763 316 554 99
+ 657 990 462 748 236 97 758 515 921 431
+ 48 999 561 444 230 769 638 333 429 742
+ 820 849 702 158 597 472 181 384 451 981
- 904 0 0 0 0 0 0 0 0 0
- 94 0 0 0 0 0 0 0 0 0
+ 615 694 668 220 281 280 467 315 887 986
- 333 0 0 0 0 0 0 0 0 0
+ 226 35 653 582 363 964 486 922 232 369
+ 653 825 902 471 555 821 961 800 975 906
- 18 0 0 0 0 0 0 0 0 0
+ 150 590 716 510 808 198 159 963 601 733
- 758 0 0 0 0 0 0 0 0 0
- 333 0 0 0 0 0 0 0 0 0
- 552 0 0 0 0 0 0 0 0 0
+ 141 156 661 711 838 516 984 853 392 466
+ 766 482 987 938 928 154 297 352 290 152
+ 243 238 802 97 2 328 151 931 499 146
+ 976 644 870 690 860 528 349 120 88 412
- 522 0 0 0 0 0 0 0 0 0
+ 549 726 498 73 787 346 43 796 905 732
+ 322 530 693 451 924 639 843 848 162 624
+ 550 337 736 947 914 518 829 651 374 248
+ 6 648 575 753 720 888 188 371 924 910
+ 527 5 7 396 159 667 768 853 626 844
+ 770 244 299 258 622 96 855 141 95 729
- 371 0 0 0 0 0 0 0 0 0
- 93 0 0 0 0 0 0 0 0 0
+ 261 504 383 227 560 498 214 439 758 569
+ 843 733 362 638 58 581 576 877 180 476
+ 383 721 637 259 794 614 750 818 625 679
- 232 0 0 0 0 0 0 0 0 0
+ 305 938 498 450 706 109 906 677 289 842
